# Number of parameters = 1417 Objective function value = 1227.31150281898  Maximum gradient component = 0.0177166854425251
# Mest[1]:
0.230000000000
# Mest[2]:
0.330000000000
# log_Linf[1]:
4.30945594184
# log_Linf[2]:
4.38701417618
# log_k[1]:
-1.83258146375
# log_k[2]:
-1.83258146375
# log_Lo[1]:
2.89037175790
# log_Lo[2]:
2.89037175790
# log_sdage[1]:
-2.40794560865
# log_sdage[2]:
-2.40794560865
# mean_log_rec[1]:
9.51970910898
# mean_log_rec[2]:
8.35689106082
# mean_log_rec[3]:
7.68097366481
# steepness[1]:
0.650000000000
# steepness[2]:
0.650000000000
# steepness[3]:
0.650000000000
# log_Rzero[1]:
9.08941748588
# log_Rzero[2]:
8.40386419858
# log_Rzero[3]:
7.42727694479
# rec_dev:
 -0.440436490756 -0.513400128800 -0.592596332947 -0.678950305265 -0.769929825003 -0.861565242056 -0.828675761520 -0.832933387729 -0.679597283124 -0.615608648164 -0.525682024633 -0.358435799787 -0.396607266116 -0.352351069865 -0.293482007960 -0.109042804134 0.187683586809 0.383972198157 0.374999525151 0.330669707090 0.383317301284 0.502816422221 0.718566370931 0.715375716727 0.663505220192 1.31529454526 1.51594149392 0.696117505577 0.117140585808 0.318321745136 0.633213229211 0.768627569148 0.534119306335 0.305681111456 0.218143971146 0.289720527579 0.325319760721 0.477769001219 0.658369717619 0.559193935620 0.698868735576 0.680903693905 0.485568664699 -0.148870695198 -0.480450514883 -0.770652323354 -1.49738033559 -1.03463409242 -0.858122036231 -1.01888611223 -1.04593840725 -1.10268552584 -1.01350170199 -0.518436749022 -0.372536285113 -0.433775471899 -0.304761565419 0.0337520998172 0.371923839311 0.248378470197 0.588851212321
 -0.000153467897748 -0.000192478814787 -0.000228324810845 -0.000250591979885 -0.000240389649310 -0.000163660507058 3.70720264247e-05 0.000476745238304 0.00101187140915 0.00190658491213 0.00319516354863 0.0271262945088 0.0277858223840 0.0282804553746 0.0283818495525 0.0263692923577 0.0189314898051 0.00584541520458 -0.0498187191979 0.357076690247 -0.0168079628833 -0.112603607437 -0.000231739064969 0.416237932654 -0.0337934569858 -0.241758007743 -0.531888523770 -0.0428164224199 0.371944454211 0.898242672572 0.275820339901 0.243191303650 -0.459736240358 -0.00127001162278 -0.450025308709 -0.674317984625 -0.00963696650383 0.0651139968996 0.0309971758156 -0.113306398320 0.602878412854 1.22019286767 -0.303103038988 0.694262593937 -0.682810771990 -0.161615620597 0.757770223671 0.0477758164912 -1.20723239795 -1.97068011993 -0.458876781478 0.884843929393 -0.582633151204 -0.150965255373 -1.52946084540 -0.406166521313 -0.663882938837 -0.194722968728 1.19892160640 -0.427110928938 -0.0605044453803
# log_sigmar[1]:
-0.510825623766
# log_sigmar[2]:
-0.510825623766
# log_sigmar[3]:
-0.510825623766
# fmort:
 0.0115545324009 0.0169624706898 0.00768320047185 0.00970506817240 0.0186800859190 0.0229609476939 0.0278257501400 0.0239945081534 0.0468632643633 0.0389439656697 0.0264175041559 0.0385070062676 0.0739217456459 0.0287053886489 0.0676799059613 0.0452759373345 0.00441835163101 0.0202539790129 0.0166378242916 0.0147518239653 0.0139764933815 0.0185586825774 0.0201730828455 0.0224324905149 0.0148599315015 0.0199414497385 0.0337946869070 0.0132131388750 0.00375210461794 0.00615895864194 0.00987781276270 0.0203135735608 0.00864423642490 0.0120251155041 0.0132715409229 0.0219051637748 0.0278954868303 0.0421226358672 0.0578734827867 0.0545781500056 0.0734020285770 0.0134834417932 0.00541658508743 0.00620672523960 0.00645088775367 0.00774851809587 0.00568097351892 0.00791816568887 0.00250478550775 0.00220980770676
 0.00145465896472 0.00223028624938 0.00340225315254 0.00562653752232 0.00403464601564 0.00726644517943 0.00938944621885 0.0136943848075 0.0220756672564 0.0272718949383 0.0246659327642 0.0489668672834 0.0673821605122 0.0549944446470 0.0742029539657 0.105217911702 0.117746000633 0.158105433253 0.219335559646 0.228921193226 0.229935116659 0.288944930280 0.378755957362 0.360937420371 0.482176401245 0.641193524697 0.622454629020 0.625686904840 0.369608814124 0.240455489671 0.181423256412 0.213169424746 0.210347441409 0.193780356368 0.188942091597 0.188529621377 0.198065449834 0.237474601431 0.205837276992 0.280278247869 0.166520323881 0.120628834259 0.103252433600 0.0822599287811 0.0791751791165 0.0786720069150 0.0865341710059 0.0804704866058 0.0853107327150 0.0720681722113
 0.000578697295719 0.00112772664372 0.00279987031365 0.00599117675327 0.0191108000007 0.00593587531359 0.00757274117375 0.102106546661 0.103676653463 0.0834428171147 0.0838208649236 0.112366472442 0.0361111400273 0.0215285356741 0.0250637064391 0.0183852270904 0.0100802991457 0.0114609808479 0.0438319769448 0.0363204527298 0.0320600847754 0.0262391631730 0.0155387751443 0.0268089380921 0.0448176412968 0.212099861884 0.361443353303 0.683982301251 0.599574091172 0.160762065944 0.116830930576 0.366149065322 0.0532669873852 0.0726048645420 0.0623939238684 0.0405560562083 0.0994959461812 0.0832382209295 0.0936354490211 0.111729300603 0.0288622984896 0.140565882965 0.0675187325733 0.0409171862151 0.0438864325220 0.0179474641477 0.00869604457215 0.00433409614198 0.0127684463323 0.0206190495591
 2.10109707410e-13 2.21489493413e-13 0.000569558792975 2.36755060001e-13 2.42028619368e-13 2.42861286637e-13 3.55603611890e-06 0.000240525277404 0.00501052230205 0.0309701597255 0.0274505174194 0.0346229370663 0.0774823741577 0.0914185616416 0.121363845666 0.0977947601496 0.0924628472922 0.0957678052686 0.0982190997888 0.0809099583677 0.0661433676097 0.0416832279084 0.00358089278094 2.24542606730e-13 2.63955524105e-13 3.67761376907e-13 4.62963001269e-13 6.84452494681e-13 7.88535903240e-13 3.50893134243e-06 0.000636107138039 0.00443080002416 0.0133725551408 0.0256687172311 0.0449120507833 0.0380258541210 0.0571503443695 0.0864281290461 0.109104609724 0.148299643108 0.141234748970 0.0381483662854 0.0256834809274 0.0260450407229 0.0273991737503 0.0349153733874 0.0205422808362 0.0159922269994 0.0115511588728 0.0105847623992
# log_selcoffs_fsh[1]:
 -4.82776111438 -3.67559778059 -2.43570280829 -1.21783781875 -0.279336727464 0.511449221173 1.08541260093 0.890424047104 -0.271230440605
 -4.51825805051 -3.27646048271 -1.96071650886 -0.813698905349 -0.167326812388 0.458148724819 0.949308635627 0.801339424214 0.120307347779
 -4.18409001552 -2.93201198849 -1.70768977883 -0.683839573176 -0.00197998488676 0.534852514306 0.824917144789 0.666087690109 0.271551004886
 -3.78435428474 -2.44302016789 -1.31869713312 -0.519475342482 -0.0417488739620 0.395463001285 0.763423541376 0.683225198418 0.377077103169
 -3.56293232283 -2.12854021153 -0.763421678598 -0.00954433613817 0.211260676636 0.341470840220 0.489926525265 0.493372232859 0.394597805154
 -3.39586179003 -2.03877632971 -0.782347386948 0.0911008435040 0.483920211987 0.468481596771 0.361232317321 0.294518863334 0.251555165457
 -3.23479602057 -1.95027547193 -0.875031575300 -0.0629831179030 0.557033612315 0.679155073472 0.391300650067 0.165549118643 0.0824524602006
 -3.06990794776 -1.75985280651 -0.775438835397 -0.00645909034623 0.596746727858 0.712193771358 0.357894080763 0.0792257698678 -0.0408018149994
 -2.94042338022 -1.62461447363 -0.447971675442 0.202352397591 0.524156400076 0.588804024718 0.381265731441 0.0514478749817 -0.128776553538
 -2.77965066134 -1.35822560928 -0.179176501492 0.224533534805 0.528549494940 0.583653925647 0.297337168290 -0.0469542774834 -0.218554331564
 -2.61716088963 -0.987145792328 0.457526737430 0.449214649244 0.330058235651 0.286671885371 0.0790353282125 -0.160500227978 -0.287531421140
 -2.44531029239 -0.727354061534 0.442114855751 0.481295466688 0.441089318146 0.235712140035 -0.0447507005774 -0.251831697521 -0.353636129675
 -2.33022747744 -0.661075271654 0.475495927014 0.698052133405 0.403446181669 0.0868161033469 -0.189343516378 -0.356418495777 -0.427048124738
 -2.24017625006 -0.696258535448 0.484844641540 0.835058563223 0.396651435662 -0.0167021662505 -0.293777014963 -0.441965380012 -0.497986616782
 -2.36625229857 -0.831462795911 0.628754770342 0.871455255398 0.346075369938 -0.0725973913171 -0.353901328081 -0.513196494527 -0.577877996233
 -2.31659539146 -0.816554935853 0.671978066184 0.797497323066 0.397187886319 -0.0263241698704 -0.353685829375 -0.541582429018 -0.624035776636
 -2.10934012305 -0.589327363407 0.783507378628 0.720597178230 0.308388217293 -0.0644934060184 -0.368424477290 -0.562088923394 -0.656676059652
 -1.76037799613 -0.287613385210 0.573453780781 0.773387496926 0.378516181116 -0.0687398494002 -0.389316727914 -0.582647673620 -0.679509633294
 -1.63446382608 -0.265027095431 0.846572357355 0.729078508828 0.184438107356 -0.200918645024 -0.477552936545 -0.656251480142 -0.747953778868
 -1.38181243404 -0.148336579492 0.826248230763 0.715299217039 0.218084141283 -0.231233383402 -0.537903477353 -0.718396222221 -0.801944589968
 -1.30054501572 -0.0130418074572 0.886145974747 0.712968782792 0.141925574894 -0.318161026089 -0.632204194677 -0.805756397807 -0.875564177039
 -1.24065210101 -0.0849968962113 0.713434167553 0.935039343953 0.248408073583 -0.408830337971 -0.756573021399 -0.908516762974 -0.954034647322
 -1.16149095278 0.180744120434 0.927174360477 0.759145183812 0.0663594877789 -0.512738534943 -0.852878649435 -0.991959638849 -1.02008092611
 -1.30273116052 -0.0203927390841 0.907393143255 0.973413167111 0.00624823195012 -0.610079301348 -0.935568453961 -1.06729194722 -1.08559015237
 -1.44434061245 -0.0821625465905 0.936532525776 0.951101772238 0.0697871108490 -0.567028037148 -0.928552979310 -1.08252108700 -1.10883863564
 -1.39723600905 0.153295694812 0.756323110881 0.861736761074 0.226337560266 -0.362706991513 -0.825534291434 -1.03021098537 -1.06527750228
 -1.39080894496 -0.144535077126 0.608769231079 0.968364437905 0.311601024075 -0.231351302421 -0.704353201194 -0.939122738514 -0.995790988916
 -1.23199760840 0.237318520593 0.476775864489 0.779892374547 0.321721426453 -0.169211418858 -0.577925900308 -0.806197368642 -0.874929440365
 -1.10169513608 0.436745081568 0.645162791386 0.514701634379 0.129367839555 -0.207007245040 -0.492752101138 -0.677142433312 -0.754038506633
 -1.19479652345 0.0488498098760 0.530313496045 0.818030568381 0.154512487795 -0.241850435336 -0.446293161282 -0.572740722113 -0.643523169468
 -1.07690576782 0.470658766123 0.568944627258 0.333908164145 0.0431577473940 -0.161496042543 -0.310990061182 -0.421927243238 -0.491004478121
 -0.982294186310 0.512793134825 0.210936255150 0.216006967863 0.137390836377 -0.00220592905059 -0.146946323515 -0.268370222451 -0.347266094418
 -1.15125779227 -0.462139341928 -0.0422461165929 0.520694567596 0.427661378724 0.206917987904 0.00995171382718 -0.147176475910 -0.254498605279
 -1.29945240745 -0.674359254908 -0.134523408626 0.302109370370 0.350953280211 0.372339792569 0.221903814497 0.0111388628114 -0.151061027650
 -0.921891520194 -0.281730870329 -0.0298470994852 0.415490806814 0.275264328806 0.145870918123 0.0484993415691 -0.0481455791953 -0.121677377380
 0.153111503060 0.502274218880 -0.247508636953 -0.207907678837 -0.0899435236372 -0.0628082839413 -0.0740848545303 -0.0928374982298 -0.109810736221
# log_selcoffs_fsh[2]:
 -6.47931334558 -5.02898759253 -3.57320654926 -1.96000503340 -0.576290838459 0.328602386993 0.987989029228 1.13425865573 0.516069183562 -0.911633885923
 -6.39347639031 -4.95094253695 -3.45780325413 -2.04257982263 -0.872836633530 0.190072204270 0.978999966147 1.16886836956 0.530333765703 -0.472702536487
 -6.27093725566 -4.88805366961 -3.48918897544 -2.13164799955 -1.01518307566 0.0448606047806 0.923405438748 1.15319560804 0.618341934392 -0.115199782651
 -6.10521682780 -4.75371505072 -3.46444153887 -2.22384738354 -1.14418377892 -0.179379002966 0.766255264707 1.14473314576 0.769068045337 0.218607628048
 -5.93859388509 -4.51945812037 -3.24297147407 -2.20527316088 -1.31334970473 -0.392730003739 0.591162567686 1.08201480758 0.890976573426 0.529956360184
 -5.78160633872 -4.44015660042 -3.14372107973 -1.95884273890 -1.13702670583 -0.519665332596 0.276326455590 0.895803280458 1.00931189529 0.864658284328
 -5.64042362921 -4.37190986190 -3.16264688165 -2.07620161602 -1.14610357874 -0.401146337211 0.170619199282 0.672335768708 0.982460351469 1.10287359993
 -5.52812160475 -4.30351300095 -3.15488677471 -2.14758215497 -1.27504944949 -0.565074703202 0.107887826563 0.589121763206 0.956418249782 1.24030713177
 -5.45402542318 -4.22195214373 -3.06438970781 -2.10873765957 -1.35319262929 -0.673796046375 0.0210983284434 0.610666088474 0.957708506272 1.27427145076
 -5.36840033689 -4.10205310670 -2.91861380660 -1.92108457043 -1.15155205018 -0.582617528026 -0.109860391520 0.478333042691 0.949444807749 1.33766757937
 -5.31400815967 -3.94436319148 -2.63584793479 -1.55478045060 -0.846080024905 -0.331106035144 0.0578289478786 0.372090410797 0.798557731837 1.33840747035
 -5.32972616413 -3.82870642226 -2.41506262269 -1.22871423033 -0.620903161917 -0.197618361740 0.117348024482 0.436988659749 0.854260034153 1.16660123618
 -5.35561635218 -3.68204942822 -2.07359069436 -0.799369088400 -0.259356654416 0.0916729536618 0.265356205748 0.443907567215 0.725430206884 0.955090439760
 -5.37702260865 -3.49834185496 -1.70488663679 -0.522517798373 0.103628738863 0.289893502205 0.337322040154 0.418980290679 0.576536095463 0.714603120905
 -5.35503761870 -3.28696715365 -1.32864712129 -0.0684322481296 0.359950941232 0.341865712303 0.228972608132 0.270374921376 0.445780650865 0.581608837312
 -5.29338166972 -3.08511662087 -1.02506710463 0.0889783747279 0.336905832943 0.298096455026 0.198859006112 0.230574363880 0.403863595944 0.572441517717
 -5.25076556446 -3.01978464920 -0.917002905402 0.0568352289337 0.316491054375 0.302182278443 0.194993812666 0.210083784220 0.392980714153 0.605496506757
 -5.22087785755 -3.19044743790 -1.27513353998 0.00446309771392 0.401431162466 0.373615883136 0.208689205276 0.193254237145 0.379499352099 0.596543295801
 -5.18056327007 -3.32246164821 -1.56644028333 -0.251496520414 0.453455527240 0.448484449494 0.230999062295 0.197344643496 0.391204234696 0.628836672876
 -5.10311863525 -3.36127950663 -1.69173580146 -0.415689179536 0.242659783959 0.377821508328 0.237511902127 0.236084485365 0.489940894363 0.795170248378
 -5.06156792265 -3.43160594433 -1.89406114066 -0.625566001509 0.133651835793 0.385272316008 0.285998569628 0.243674718258 0.510538691357 0.871165171723
 -5.05825942433 -3.50978125628 -2.05504934656 -0.892115167137 -0.0513731562380 0.416837481475 0.392855303327 0.314073768200 0.536675642927 0.874751311855
 -5.07430871325 -3.57529530237 -2.21682805031 -1.09813962919 -0.264591392094 0.410099116048 0.449723383238 0.394770650095 0.586535531120 0.875107889132
 -5.14053108583 -3.63462547148 -2.25238440129 -1.12658218462 -0.410152402235 0.187073839331 0.505589099810 0.500600309187 0.673120171456 0.875960754823
 -5.21231545481 -3.67806385374 -2.19680625299 -0.913255528634 -0.266742876758 0.00292976569559 0.316632012060 0.535455852197 0.715870465799 0.940558065876
 -5.31507576046 -3.73717999768 -2.28360247600 -1.02859376072 -0.256355228112 0.238276324176 0.344288422005 0.457708443284 0.673125245933 0.923115916935
 -5.51343102393 -3.90334539242 -2.31126562044 -0.952680306915 -0.171191418066 0.388275089970 0.505283415204 0.470316708140 0.580919521791 0.755285301072
 -5.69608545336 -4.05432855023 -2.35492982443 -0.707713606549 0.0450559199171 0.507072328548 0.515682913188 0.398592646255 0.537326723251 0.592874077317
 -5.87066687837 -4.21662295459 -2.56150447917 -1.01134964178 -0.0941099854738 0.756691937370 0.725249273275 0.406584565389 0.443178469270 0.318847163885
 -6.01832415109 -4.32841944145 -2.64922865089 -1.03398846615 0.241021076136 0.862052983627 0.788804041646 0.394860417922 0.171287329139 0.0447339839622
 -6.09415784202 -4.33923198997 -2.53258304032 -0.782325867104 0.347114115785 0.830100880782 0.720029827730 0.370881586502 0.153930502924 0.0671527237670
 -6.10761624664 -4.28192880842 -2.41410900616 -0.700939245040 0.353534665234 0.624420451425 0.643273689243 0.433766510229 0.304596956012 0.266432661464
 -6.09138343774 -4.19173727840 -2.21374007648 -0.559159700813 0.0242018949655 0.343741321213 0.580310352787 0.605405182634 0.503301244016 0.466350848675
 -6.09924030789 -4.21301942113 -2.35427620781 -0.810193238723 -0.0403219572848 0.407471118722 0.621605824538 0.642376798760 0.525472820542 0.422361300042
 -6.07221580653 -4.20257054156 -2.33528381336 -0.878806787844 -0.219369502968 0.257962901711 0.625712275109 0.715867597326 0.605099794664 0.486360904643
 -6.03494415454 -4.22934647904 -2.50849851713 -0.955222963898 -0.110188004495 0.254517390652 0.560955974726 0.704562278132 0.640821753500 0.505657424431
 -6.02379012644 -4.22599124063 -2.51421190313 -1.05240540517 -0.122815202419 0.351653534149 0.608554708547 0.689227506795 0.596375652170 0.471019233163
# log_selcoffs_fsh[3]:
 -2.34598753488 0.289183839462 1.46955832191 0.0651754396882 -2.07621614189 -3.86151303416 -4.85242692174
 -2.30421571547 0.889423222017 1.23299645620 -0.102533618949 -2.25819550366 -3.90949810801 -4.85316742737
# log_selcoffs_fsh[4]:
 -5.91742089567 -4.78579054578 -3.63016748960 -2.41250305866 -1.14010329944 0.0595485683953 0.929478160351 1.12786048060 0.625664197061
 -5.90473747579 -4.76565729559 -3.59553693741 -2.32691619398 -1.00658922851 0.154597285603 0.937505540162 1.06525509187 0.629077970449
 -5.86976201355 -4.72751699083 -3.56121813296 -2.32410043704 -1.02752761593 0.136562306924 0.922339466085 1.07008286102 0.655988604813
 -5.80356072304 -4.65026049860 -3.49333363512 -2.30355703593 -1.06394277408 0.0716958490423 0.880094098019 1.08349325650 0.728316518739
 -5.73206074704 -4.55184925316 -3.38212182397 -2.22530338416 -1.03133174123 0.0790787325847 0.844130187208 1.05671807227 0.789599071260
 -5.65812325132 -4.49291585356 -3.31145714525 -2.12951285105 -1.01760092204 0.0111530518778 0.798236461739 1.07046339378 0.841109252306
 -5.56175709826 -4.41804957307 -3.24680280038 -2.04008103296 -0.937090771095 0.0296882811203 0.769580018358 1.03252628829 0.886356727081
 -5.43215006174 -4.28965629541 -3.16872599863 -2.00698165572 -0.897425843033 0.0125638216630 0.724167303164 1.02746135666 0.927518945810
 -5.29721495784 -4.10955783581 -3.02941512096 -2.01495856520 -0.984209200470 -0.0186690526700 0.715044410980 1.01793502639 0.966953142190
 -5.16811858411 -3.97446081976 -2.84017911730 -1.81575846448 -0.916045743443 -0.0630163079920 0.632821626482 0.996500411807 1.03803317561
 -5.06633840621 -3.85627420791 -2.70917725530 -1.67588522932 -0.765163144172 -0.00243499714517 0.588650284881 0.934480535674 1.06765196130
 -4.99268224970 -3.73703678466 -2.56564755090 -1.54824905357 -0.663017349554 0.0754512412801 0.582680600072 0.888439973131 1.05224284488
 -4.93116207104 -3.58763801189 -2.34519061796 -1.35106485169 -0.590157755281 0.0746575832232 0.582374700545 0.866614895190 1.03298541768
 -4.86715060763 -3.39860284324 -1.97820108026 -0.970877190414 -0.390163714826 0.0600800773112 0.459012551340 0.814019369258 1.05203654841
 -4.80047165845 -3.25378929567 -1.73756551143 -0.633638170524 -0.134415562369 0.0920635734446 0.350967516175 0.717327853146 1.03193370730
 -4.71784170729 -3.13324752117 -1.53286212879 -0.385614685263 -0.0446256784999 0.0739014094176 0.290099968566 0.656055368142 1.01332587241
 -4.65892828424 -3.10839542439 -1.55911962213 -0.399336613183 -0.0353546648058 0.132798333295 0.331982826151 0.640220822790 0.980899292053
 -4.61311956837 -3.20130113384 -1.90912806915 -0.923366528391 -0.237609251033 0.317955931732 0.569759312245 0.689225696973 0.908718307689
 -4.53137928058 -3.24105600218 -2.08019088822 -1.18180537152 -0.465628574598 0.170168272199 0.584373739158 0.821023392251 0.970227326424
 -4.47357580556 -3.25826259966 -2.17398121183 -1.32897650561 -0.678848631610 -0.0325388344569 0.566357443136 0.931699585434 1.02812638020
 -4.41452045290 -3.20687992794 -2.12668743931 -1.36915550747 -0.792808284886 -0.219354763713 0.433671360735 0.987895039062 1.12809589280
 -4.34679101192 -3.10381057824 -1.86052600729 -1.22157694404 -0.802392045603 -0.244745467462 0.327421393865 0.854364928985 1.25942396894
 -4.31142014766 -3.17531556591 -2.12708651513 -1.34135113546 -0.784544553422 -0.170093914112 0.351323055051 0.823288129858 1.27124574906
 -4.23311595343 -3.15238016418 -2.15494413525 -1.36042601146 -0.777706770088 -0.243299006075 0.277902560292 0.809179854591 1.32451558313
 -4.22699466647 -3.15538234637 -2.07389453319 -1.12294716024 -0.503393891715 0.0127202494624 0.413007326743 0.801791723762 1.14218298545
 -4.05142557401 -2.96178773271 -1.76749791884 -0.967457828674 -0.484001016175 -0.0302186010486 0.389701215583 0.785833446520 1.13871335155
 -3.79256202247 -2.79947135576 -1.78225711691 -0.999651304808 -0.496489572395 -0.0486151826921 0.401627357606 0.825920220136 1.11215587310
 -3.36592267334 -2.48645122415 -1.63668914158 -1.00217072548 -0.555055148071 -0.164122582013 0.262461007671 0.764069486938 1.23859450928
 -2.78530711495 -2.03079883006 -1.44797031327 -0.984727084722 -0.730223897387 -0.442787589379 0.0642184813594 0.734636259256 1.36695290871
 -2.96584053082 -2.18096224715 -1.32189501341 -0.786084444381 -0.632698302121 -0.523924311444 -0.0808457103911 0.682915373431 1.40804845981
 -2.97296264041 -2.15645194465 -1.38554109116 -0.876164794229 -0.657319375144 -0.465675666147 -0.00484713543066 0.727247314274 1.37524802784
# log_sel_spl_fsh[1]:
 0.00000000000 0.00000000000 0.00000000000 0.00000000000
 0.00000000000 0.00000000000 0.00000000000 0.00000000000
 0.00000000000 0.00000000000 0.00000000000 0.00000000000
 0.00000000000 0.00000000000 0.00000000000 0.00000000000
 0.00000000000 0.00000000000 0.00000000000 0.00000000000
 0.00000000000 0.00000000000 0.00000000000 0.00000000000
 0.00000000000 0.00000000000 0.00000000000 0.00000000000
 0.00000000000 0.00000000000 0.00000000000 0.00000000000
 0.00000000000 0.00000000000 0.00000000000 0.00000000000
 0.00000000000 0.00000000000 0.00000000000 0.00000000000
 0.00000000000 0.00000000000 0.00000000000 0.00000000000
 0.00000000000 0.00000000000 0.00000000000 0.00000000000
 0.00000000000 0.00000000000 0.00000000000 0.00000000000
 0.00000000000 0.00000000000 0.00000000000 0.00000000000
 0.00000000000 0.00000000000 0.00000000000 0.00000000000
 0.00000000000 0.00000000000 0.00000000000 0.00000000000
 0.00000000000 0.00000000000 0.00000000000 0.00000000000
 0.00000000000 0.00000000000 0.00000000000 0.00000000000
 0.00000000000 0.00000000000 0.00000000000 0.00000000000
 0.00000000000 0.00000000000 0.00000000000 0.00000000000
 0.00000000000 0.00000000000 0.00000000000 0.00000000000
 0.00000000000 0.00000000000 0.00000000000 0.00000000000
 0.00000000000 0.00000000000 0.00000000000 0.00000000000
 0.00000000000 0.00000000000 0.00000000000 0.00000000000
 0.00000000000 0.00000000000 0.00000000000 0.00000000000
 0.00000000000 0.00000000000 0.00000000000 0.00000000000
 0.00000000000 0.00000000000 0.00000000000 0.00000000000
 0.00000000000 0.00000000000 0.00000000000 0.00000000000
 0.00000000000 0.00000000000 0.00000000000 0.00000000000
 0.00000000000 0.00000000000 0.00000000000 0.00000000000
 0.00000000000 0.00000000000 0.00000000000 0.00000000000
 0.00000000000 0.00000000000 0.00000000000 0.00000000000
 0.00000000000 0.00000000000 0.00000000000 0.00000000000
 0.00000000000 0.00000000000 0.00000000000 0.00000000000
 0.00000000000 0.00000000000 0.00000000000 0.00000000000
 0.00000000000 0.00000000000 0.00000000000 0.00000000000
# log_sel_spl_fsh[2]:
 0.00000000000 0.00000000000 0.00000000000 0.00000000000
 0.00000000000 0.00000000000 0.00000000000 0.00000000000
 0.00000000000 0.00000000000 0.00000000000 0.00000000000
 0.00000000000 0.00000000000 0.00000000000 0.00000000000
 0.00000000000 0.00000000000 0.00000000000 0.00000000000
 0.00000000000 0.00000000000 0.00000000000 0.00000000000
 0.00000000000 0.00000000000 0.00000000000 0.00000000000
 0.00000000000 0.00000000000 0.00000000000 0.00000000000
 0.00000000000 0.00000000000 0.00000000000 0.00000000000
 0.00000000000 0.00000000000 0.00000000000 0.00000000000
 0.00000000000 0.00000000000 0.00000000000 0.00000000000
 0.00000000000 0.00000000000 0.00000000000 0.00000000000
 0.00000000000 0.00000000000 0.00000000000 0.00000000000
 0.00000000000 0.00000000000 0.00000000000 0.00000000000
 0.00000000000 0.00000000000 0.00000000000 0.00000000000
 0.00000000000 0.00000000000 0.00000000000 0.00000000000
 0.00000000000 0.00000000000 0.00000000000 0.00000000000
 0.00000000000 0.00000000000 0.00000000000 0.00000000000
 0.00000000000 0.00000000000 0.00000000000 0.00000000000
 0.00000000000 0.00000000000 0.00000000000 0.00000000000
 0.00000000000 0.00000000000 0.00000000000 0.00000000000
 0.00000000000 0.00000000000 0.00000000000 0.00000000000
 0.00000000000 0.00000000000 0.00000000000 0.00000000000
 0.00000000000 0.00000000000 0.00000000000 0.00000000000
 0.00000000000 0.00000000000 0.00000000000 0.00000000000
 0.00000000000 0.00000000000 0.00000000000 0.00000000000
 0.00000000000 0.00000000000 0.00000000000 0.00000000000
 0.00000000000 0.00000000000 0.00000000000 0.00000000000
 0.00000000000 0.00000000000 0.00000000000 0.00000000000
 0.00000000000 0.00000000000 0.00000000000 0.00000000000
 0.00000000000 0.00000000000 0.00000000000 0.00000000000
 0.00000000000 0.00000000000 0.00000000000 0.00000000000
 0.00000000000 0.00000000000 0.00000000000 0.00000000000
 0.00000000000 0.00000000000 0.00000000000 0.00000000000
 0.00000000000 0.00000000000 0.00000000000 0.00000000000
 0.00000000000 0.00000000000 0.00000000000 0.00000000000
 0.00000000000 0.00000000000 0.00000000000 0.00000000000
# log_sel_spl_fsh[3]:
 0.00000000000 0.00000000000 0.00000000000 0.00000000000
 0.00000000000 0.00000000000 0.00000000000 0.00000000000
# log_sel_spl_fsh[4]:
 0.00000000000 0.00000000000 0.00000000000 0.00000000000
 0.00000000000 0.00000000000 0.00000000000 0.00000000000
 0.00000000000 0.00000000000 0.00000000000 0.00000000000
 0.00000000000 0.00000000000 0.00000000000 0.00000000000
 0.00000000000 0.00000000000 0.00000000000 0.00000000000
 0.00000000000 0.00000000000 0.00000000000 0.00000000000
 0.00000000000 0.00000000000 0.00000000000 0.00000000000
 0.00000000000 0.00000000000 0.00000000000 0.00000000000
 0.00000000000 0.00000000000 0.00000000000 0.00000000000
 0.00000000000 0.00000000000 0.00000000000 0.00000000000
 0.00000000000 0.00000000000 0.00000000000 0.00000000000
 0.00000000000 0.00000000000 0.00000000000 0.00000000000
 0.00000000000 0.00000000000 0.00000000000 0.00000000000
 0.00000000000 0.00000000000 0.00000000000 0.00000000000
 0.00000000000 0.00000000000 0.00000000000 0.00000000000
 0.00000000000 0.00000000000 0.00000000000 0.00000000000
 0.00000000000 0.00000000000 0.00000000000 0.00000000000
 0.00000000000 0.00000000000 0.00000000000 0.00000000000
 0.00000000000 0.00000000000 0.00000000000 0.00000000000
 0.00000000000 0.00000000000 0.00000000000 0.00000000000
 0.00000000000 0.00000000000 0.00000000000 0.00000000000
 0.00000000000 0.00000000000 0.00000000000 0.00000000000
 0.00000000000 0.00000000000 0.00000000000 0.00000000000
 0.00000000000 0.00000000000 0.00000000000 0.00000000000
 0.00000000000 0.00000000000 0.00000000000 0.00000000000
 0.00000000000 0.00000000000 0.00000000000 0.00000000000
 0.00000000000 0.00000000000 0.00000000000 0.00000000000
 0.00000000000 0.00000000000 0.00000000000 0.00000000000
 0.00000000000 0.00000000000 0.00000000000 0.00000000000
 0.00000000000 0.00000000000 0.00000000000 0.00000000000
 0.00000000000 0.00000000000 0.00000000000 0.00000000000
# logsel_slope_fsh[1]:
 0.00000000000 0.00000000000 0.00000000000 0.00000000000 0.00000000000 0.00000000000 0.00000000000 0.00000000000 0.00000000000 0.00000000000 0.00000000000 0.00000000000 0.00000000000 0.00000000000 0.00000000000 0.00000000000 0.00000000000 0.00000000000 0.00000000000 0.00000000000 0.00000000000 0.00000000000 0.00000000000 0.00000000000 0.00000000000 0.00000000000 0.00000000000 0.00000000000 0.00000000000 0.00000000000 0.00000000000 0.00000000000 0.00000000000 0.00000000000 0.00000000000 0.00000000000
# logsel_slope_fsh[2]:
 0.00000000000 0.00000000000 0.00000000000 0.00000000000 0.00000000000 0.00000000000 0.00000000000 0.00000000000 0.00000000000 0.00000000000 0.00000000000 0.00000000000 0.00000000000 0.00000000000 0.00000000000 0.00000000000 0.00000000000 0.00000000000 0.00000000000 0.00000000000 0.00000000000 0.00000000000 0.00000000000 0.00000000000 0.00000000000 0.00000000000 0.00000000000 0.00000000000 0.00000000000 0.00000000000 0.00000000000 0.00000000000 0.00000000000 0.00000000000 0.00000000000 0.00000000000 0.00000000000
# logsel_slope_fsh[3]:
 0.00000000000 0.00000000000
# logsel_slope_fsh[4]:
 0.00000000000 0.00000000000 0.00000000000 0.00000000000 0.00000000000 0.00000000000 0.00000000000 0.00000000000 0.00000000000 0.00000000000 0.00000000000 0.00000000000 0.00000000000 0.00000000000 0.00000000000 0.00000000000 0.00000000000 0.00000000000 0.00000000000 0.00000000000 0.00000000000 0.00000000000 0.00000000000 0.00000000000 0.00000000000 0.00000000000 0.00000000000 0.00000000000 0.00000000000 0.00000000000 0.00000000000
# sel50_fsh[1]:
 0.00000000000 0.00000000000 0.00000000000 0.00000000000 0.00000000000 0.00000000000 0.00000000000 0.00000000000 0.00000000000 0.00000000000 0.00000000000 0.00000000000 0.00000000000 0.00000000000 0.00000000000 0.00000000000 0.00000000000 0.00000000000 0.00000000000 0.00000000000 0.00000000000 0.00000000000 0.00000000000 0.00000000000 0.00000000000 0.00000000000 0.00000000000 0.00000000000 0.00000000000 0.00000000000 0.00000000000 0.00000000000 0.00000000000 0.00000000000 0.00000000000 0.00000000000
# sel50_fsh[2]:
 0.00000000000 0.00000000000 0.00000000000 0.00000000000 0.00000000000 0.00000000000 0.00000000000 0.00000000000 0.00000000000 0.00000000000 0.00000000000 0.00000000000 0.00000000000 0.00000000000 0.00000000000 0.00000000000 0.00000000000 0.00000000000 0.00000000000 0.00000000000 0.00000000000 0.00000000000 0.00000000000 0.00000000000 0.00000000000 0.00000000000 0.00000000000 0.00000000000 0.00000000000 0.00000000000 0.00000000000 0.00000000000 0.00000000000 0.00000000000 0.00000000000 0.00000000000 0.00000000000
# sel50_fsh[3]:
 0.00000000000 0.00000000000
# sel50_fsh[4]:
 0.00000000000 0.00000000000 0.00000000000 0.00000000000 0.00000000000 0.00000000000 0.00000000000 0.00000000000 0.00000000000 0.00000000000 0.00000000000 0.00000000000 0.00000000000 0.00000000000 0.00000000000 0.00000000000 0.00000000000 0.00000000000 0.00000000000 0.00000000000 0.00000000000 0.00000000000 0.00000000000 0.00000000000 0.00000000000 0.00000000000 0.00000000000 0.00000000000 0.00000000000 0.00000000000 0.00000000000
# logsel_dslope_fsh[1]:
 0.00000000000 0.00000000000 0.00000000000 0.00000000000 0.00000000000 0.00000000000 0.00000000000 0.00000000000 0.00000000000 0.00000000000 0.00000000000 0.00000000000 0.00000000000 0.00000000000 0.00000000000 0.00000000000 0.00000000000 0.00000000000 0.00000000000 0.00000000000 0.00000000000 0.00000000000 0.00000000000 0.00000000000 0.00000000000 0.00000000000 0.00000000000 0.00000000000 0.00000000000 0.00000000000 0.00000000000 0.00000000000 0.00000000000 0.00000000000 0.00000000000 0.00000000000
# logsel_dslope_fsh[2]:
 0.00000000000 0.00000000000 0.00000000000 0.00000000000 0.00000000000 0.00000000000 0.00000000000 0.00000000000 0.00000000000 0.00000000000 0.00000000000 0.00000000000 0.00000000000 0.00000000000 0.00000000000 0.00000000000 0.00000000000 0.00000000000 0.00000000000 0.00000000000 0.00000000000 0.00000000000 0.00000000000 0.00000000000 0.00000000000 0.00000000000 0.00000000000 0.00000000000 0.00000000000 0.00000000000 0.00000000000 0.00000000000 0.00000000000 0.00000000000 0.00000000000 0.00000000000 0.00000000000
# logsel_dslope_fsh[3]:
 0.00000000000 0.00000000000
# logsel_dslope_fsh[4]:
 0.00000000000 0.00000000000 0.00000000000 0.00000000000 0.00000000000 0.00000000000 0.00000000000 0.00000000000 0.00000000000 0.00000000000 0.00000000000 0.00000000000 0.00000000000 0.00000000000 0.00000000000 0.00000000000 0.00000000000 0.00000000000 0.00000000000 0.00000000000 0.00000000000 0.00000000000 0.00000000000 0.00000000000 0.00000000000 0.00000000000 0.00000000000 0.00000000000 0.00000000000 0.00000000000 0.00000000000
# seld50_fsh[1]:
 9.00000000000 9.00000000000 9.00000000000 9.00000000000 9.00000000000 9.00000000000 9.00000000000 9.00000000000 9.00000000000 9.00000000000 9.00000000000 9.00000000000 9.00000000000 9.00000000000 9.00000000000 9.00000000000 9.00000000000 9.00000000000 9.00000000000 9.00000000000 9.00000000000 9.00000000000 9.00000000000 9.00000000000 9.00000000000 9.00000000000 9.00000000000 9.00000000000 9.00000000000 9.00000000000 9.00000000000 9.00000000000 9.00000000000 9.00000000000 9.00000000000 9.00000000000
# seld50_fsh[2]:
 9.00000000000 9.00000000000 9.00000000000 9.00000000000 9.00000000000 9.00000000000 9.00000000000 9.00000000000 9.00000000000 9.00000000000 9.00000000000 9.00000000000 9.00000000000 9.00000000000 9.00000000000 9.00000000000 9.00000000000 9.00000000000 9.00000000000 9.00000000000 9.00000000000 9.00000000000 9.00000000000 9.00000000000 9.00000000000 9.00000000000 9.00000000000 9.00000000000 9.00000000000 9.00000000000 9.00000000000 9.00000000000 9.00000000000 9.00000000000 9.00000000000 9.00000000000 9.00000000000
# seld50_fsh[3]:
 9.00000000000 9.00000000000
# seld50_fsh[4]:
 9.00000000000 9.00000000000 9.00000000000 9.00000000000 9.00000000000 9.00000000000 9.00000000000 9.00000000000 9.00000000000 9.00000000000 9.00000000000 9.00000000000 9.00000000000 9.00000000000 9.00000000000 9.00000000000 9.00000000000 9.00000000000 9.00000000000 9.00000000000 9.00000000000 9.00000000000 9.00000000000 9.00000000000 9.00000000000 9.00000000000 9.00000000000 9.00000000000 9.00000000000 9.00000000000 9.00000000000
# rec_dev_future:
 0.00000000000 0.00000000000 0.00000000000 0.00000000000 0.00000000000 0.00000000000 0.00000000000 0.00000000000 0.00000000000 0.00000000000
 0.00000000000 0.00000000000 0.00000000000 0.00000000000 0.00000000000 0.00000000000 0.00000000000 0.00000000000 0.00000000000 0.00000000000
# log_q_ind[1]:
-0.0667481316987
# log_q_ind[2]:
-3.07774377199
# log_q_ind[3]:
-9.54989021281
# log_q_ind[4]:
-0.794195443203
# log_q_ind[5]:
-4.05004508123
# log_q_ind[6]:
-6.39508415794
# log_q_ind[7]:
-8.22025329799
# log_q_ind[8]:
-1.04608607230
# log_q_power_ind[1]:
0.00000000000
# log_q_power_ind[2]:
0.00000000000
# log_q_power_ind[3]:
0.00000000000
# log_q_power_ind[4]:
0.00000000000
# log_q_power_ind[5]:
0.00000000000
# log_q_power_ind[6]:
0.00000000000
# log_q_power_ind[7]:
0.00000000000
# log_q_power_ind[8]:
0.00000000000
# log_rw_q_ind[1]:
 -1.21747403050
# log_rw_q_ind[3]:
 -0.292328363217
# log_selcoffs_ind[1]:
 -3.22934240505 -2.10954860753 -1.03847396287 -0.205790856374 0.259370393035 0.453811346185 0.455186492748 0.387238773222 0.330473227811 0.307270852711
 -3.19656066242 -2.25757384943 -1.34313969122 -0.507215817416 0.142140834205 0.493715411464 0.565755511091 0.476378600672 0.371333457599 0.321714617320
# log_selcoffs_ind[2]:
 -0.584260791440 -0.0801919499923 0.229346644554 0.320641543377 0.178066018762 0.00348729091251 -0.0887708410422 -0.0921680283818 -0.0732098362155 -0.0737078954129
 -0.0938320733463 0.0890410885454 0.179322291553 0.242248575862 0.202969581069 0.0673649460893 -0.0942729875442 -0.214834593048 -0.272382753901 -0.283784606771
 0.273772305182 0.227766670593 0.236661625272 0.231529200750 0.128978984675 -0.0455501235308 -0.218943627552 -0.351370289238 -0.421911587008 -0.437367917932
# log_selcoffs_ind[3]:
 -0.202940821038 0.0202027052767 0.0202027052767 0.0202027052767 0.0202027052767 0.0202027052767 0.0202027052767 0.0202027052767 0.0202027052767 0.0202027052767
# log_selcoffs_ind[4]:
 -2.40688982552 -1.41430504934 -0.569414231012 -0.0568039069300 0.121354181718 0.204106018860 0.276156088396 0.348397198525 0.407983052873 0.446025489433
 -3.02740195042 -2.17081216551 -1.33502663802 -0.624322354990 -0.111995197337 0.236714394510 0.459999139280 0.572880888500 0.579158099341 0.551349713098
# log_selcoffs_ind[5]:
 -3.04452005677 -0.669616569639 0.101782682789 0.174353368097 0.174353368097 0.174353368097 0.174353368097 0.174353368097 0.174353368097 0.174353368097
# log_selcoffs_ind[6]:
 -3.04452005677 -0.669616569639 0.101782682789 0.174353368097 0.174353368097 0.174353368097 0.174353368097 0.174353368097 0.174353368097 0.174353368097
# log_selcoffs_ind[7]:
 -3.04452005677 -0.669616569639 0.101782682789 0.174353368097 0.174353368097 0.174353368097 0.174353368097 0.174353368097 0.174353368097 0.174353368097
# log_selcoffs_ind[8]:
 -3.04452005677 -0.669616569639 0.101782682789 0.174353368097 0.174353368097 0.174353368097 0.174353368097 0.174353368097 0.174353368097 0.174353368097
# logsel_slope_ind[1]:
 0.00000000000 0.00000000000
# logsel_slope_ind[2]:
 0.00000000000 0.00000000000 0.00000000000
# logsel_slope_ind[3]:
 0.00000000000
# logsel_slope_ind[4]:
 0.00000000000 0.00000000000
# logsel_slope_ind[5]:
 0.00000000000
# logsel_slope_ind[6]:
 0.00000000000
# logsel_slope_ind[7]:
 0.00000000000
# logsel_slope_ind[8]:
 0.00000000000
# sel50_ind[1]:
 0.00000000000 0.00000000000
# sel50_ind[2]:
 0.00000000000 0.00000000000 0.00000000000
# sel50_ind[3]:
 0.00000000000
# sel50_ind[4]:
 0.00000000000 0.00000000000
# sel50_ind[5]:
 0.00000000000
# sel50_ind[6]:
 0.00000000000
# sel50_ind[7]:
 0.00000000000
# sel50_ind[8]:
 0.00000000000
# logsel_dslope_ind[1]:
 0.00000000000 0.00000000000
# logsel_dslope_ind[2]:
 0.00000000000 0.00000000000 0.00000000000
# logsel_dslope_ind[3]:
 0.00000000000
# logsel_dslope_ind[4]:
 0.00000000000 0.00000000000
# logsel_dslope_ind[5]:
 0.00000000000
# logsel_dslope_ind[6]:
 0.00000000000
# logsel_dslope_ind[7]:
 0.00000000000
# logsel_dslope_ind[8]:
 0.00000000000
# seld50_ind[1]:
 9.00000000000 9.00000000000
# seld50_ind[2]:
 9.00000000000 9.00000000000 9.00000000000
# seld50_ind[3]:
 9.00000000000
# seld50_ind[4]:
 9.00000000000 9.00000000000
# seld50_ind[5]:
 9.00000000000
# seld50_ind[6]:
 9.00000000000
# seld50_ind[7]:
 9.00000000000
# seld50_ind[8]:
 9.00000000000
# repl_F:
 0.231114649264 0.0932616407150
