# Number of parameters = 1395 Objective function value = 1237.52801529453  Maximum gradient component = 0.00620881289850627
# Mest[1]:
0.230000000000
# Mest[2]:
0.330000000000
# log_Linf[1]:
4.30945594184
# log_Linf[2]:
4.38701417618
# log_k[1]:
-1.83258146375
# log_k[2]:
-1.83258146375
# log_Lo[1]:
2.89037175790
# log_Lo[2]:
2.89037175790
# log_sdage[1]:
-2.40794560865
# log_sdage[2]:
-2.40794560865
# mean_log_rec[1]:
9.51970909477
# mean_log_rec[2]:
8.35689109523
# mean_log_rec[3]:
7.68097373070
# steepness[1]:
0.650000000000
# steepness[2]:
0.650000000000
# steepness[3]:
0.650000000000
# log_Rzero[1]:
9.08941740527
# log_Rzero[2]:
8.40386418426
# log_Rzero[3]:
7.42727696937
# rec_dev:
 -0.440436474965 -0.513400195786 -0.592596332894 -0.678950753827 -0.769930028412 -0.861565175119 -0.828675673221 -0.832933416387 -0.679597381688 -0.615608635771 -0.525682060554 -0.358435843863 -0.396607315861 -0.352351070471 -0.293482044460 -0.109042830901 0.187683631400 0.383972176644 0.374999531200 0.330669676885 0.383317353834 0.502816396965 0.718566401589 0.715375737764 0.663505271542 1.31529459369 1.51594150489 0.696117516588 0.117140586035 0.318321760379 0.633213224452 0.768627585229 0.534119324331 0.305681142721 0.218143998036 0.289720542271 0.325319802411 0.477769021213 0.658369753900 0.559193954876 0.698868745664 0.680903698077 0.485568658649 -0.148870697009 -0.480450503342 -0.770652296697 -1.49738031285 -1.03463401390 -0.858121932081 -1.01888603603 -1.04593837007 -1.10268551986 -1.01350172388 -0.518436780821 -0.372536305768 -0.433775479716 -0.304761555845 0.0337520849001 0.371923884210 0.248378475746 0.588851187533
 -0.000153248440679 -0.000192233467898 -0.000228278327832 -0.000250449242806 -0.000240323049855 -0.000163599573652 3.68561137680e-05 0.000476769399503 0.00101193993247 0.00190647672525 0.00319559441157 0.0271261736260 0.0277856973892 0.0282803515645 0.0283818123103 0.0263692111940 0.0189315000711 0.00584537496563 -0.0498187470339 0.357076594060 -0.0168080926681 -0.112603677290 -0.000231775178332 0.416237963199 -0.0337935206092 -0.241758022762 -0.531888417668 -0.0428164983477 0.371944419526 0.898242657117 0.275820356353 0.243191359688 -0.459736321735 -0.00127006957276 -0.450025312715 -0.674318064234 -0.00963696425636 0.0651138553361 0.0309971393440 -0.113306450579 0.602878371873 1.22019283360 -0.303103097839 0.694262600280 -0.682810865823 -0.161615650645 0.757770197693 0.0477757991658 -1.20723243816 -1.97068011267 -0.458876843026 0.884843907460 -0.582633172897 -0.150965254989 -1.52946084468 -0.406166477959 -0.663882953570 -0.194722987899 1.19892166026 -0.427110899375 -0.0605043375069
# log_sigmar[1]:
-0.510825623766
# log_sigmar[2]:
-0.510825623766
# log_sigmar[3]:
-0.510825623766
# fmort:
 0.0115545330232 0.0169624712227 0.00768320085886 0.00970506883679 0.0186800870398 0.0229609489519 0.0278257518573 0.0239945095505 0.0468632669093 0.0389439677852 0.0264175055181 0.0385070079889 0.0739217489916 0.0287053900538 0.0676799128468 0.0452759412981 0.00441835193775 0.0202539797844 0.0166378243180 0.0147518241810 0.0139764933794 0.0185586825517 0.0201730827569 0.0224324904424 0.0148599313770 0.0199414495103 0.0337946867393 0.0132131386952 0.00375210451570 0.00615895843409 0.00987781246762 0.0203135733190 0.00864423642424 0.0120251155775 0.0132715410912 0.0219051634821 0.0278954866362 0.0421226352154 0.0578734828942 0.0545781466402 0.0734020233949 0.0134834411074 0.00541658501042 0.00620672522595 0.00645088786820 0.00774851832045 0.00568097350239 0.00791816569532 0.00250478542195 0.00220980758556
 0.00145465914022 0.00223028637284 0.00340225332148 0.00562653789809 0.00403464629889 0.00726644563297 0.00938944680857 0.0136943856549 0.0220756685544 0.0272718964873 0.0246659339246 0.0489668692135 0.0673821628632 0.0549944467603 0.0742029576134 0.105217918406 0.117746006851 0.158105441694 0.219335567467 0.228921199361 0.229935122554 0.288944934714 0.378755963564 0.360937425023 0.482176416819 0.641193552636 0.622454653951 0.625686913276 0.369608809176 0.240455476368 0.181423245686 0.213169401955 0.210347413168 0.193780338538 0.188942075020 0.188529607886 0.198065440639 0.237474591752 0.205837282607 0.280278252501 0.166520326566 0.120628832229 0.103252421728 0.0822599230755 0.0791751702928 0.0786719965882 0.0865341631597 0.0804704804466 0.0853107269802 0.0720681687979
 0.000578697276705 0.00112772632956 0.00279987023401 0.00599117717745 0.0191108012107 0.00593587544878 0.00757274137177 0.102106544479 0.103676651243 0.0834428173552 0.0838208704203 0.112366484881 0.0361111423945 0.0215285357182 0.0250637052361 0.0183852269988 0.0100802988758 0.0114609799918 0.0438319772101 0.0363204527058 0.0320600839398 0.0262391618219 0.0155387739248 0.0268089378983 0.0448176416654 0.212099858150 0.361443339990 0.683982286448 0.599574082348 0.160762059914 0.116830927834 0.366149044199 0.0532669823578 0.0726048584049 0.0623939189897 0.0405560540060 0.0994959403723 0.0832382154738 0.0936354419244 0.111729288961 0.0288622964940 0.140565874384 0.0675187278748 0.0409171829939 0.0438864290380 0.0179474622653 0.00869604374844 0.00433409585790 0.0127684450584 0.0206190473305
 2.10109707410e-13 2.21767049169e-13 0.000569558858463 2.37032615757e-13 2.40640840588e-13 2.42583730881e-13 3.55603642921e-06 0.000240525296045 0.00501052271611 0.0309701624155 0.0274505193514 0.0346229392866 0.0774823803690 0.0914185700468 0.121363859625 0.0977947727567 0.0924628613393 0.0957678173747 0.0982191074140 0.0809099583775 0.0661433649675 0.0416832259737 0.00358089265782 2.25097718243e-13 2.62567745324e-13 3.67483821151e-13 4.63518112781e-13 6.90003609805e-13 7.88535903240e-13 3.50893115397e-06 0.000636107092096 0.00443079963513 0.0133725534816 0.0256687138055 0.0449120443235 0.0380258498374 0.0571503410002 0.0864281297989 0.109104613143 0.148299648962 0.141234756089 0.0381483679472 0.0256834808244 0.0260450383501 0.0273991704554 0.0349153703042 0.0205422787933 0.0159922256808 0.0115511583836 0.0105847624554
# log_selcoffs_fsh[1]:
 -4.82776088355 -3.67559773853 -2.43570281880 -1.21783788897 -0.279336762587 0.511449209374 1.08541259120 0.890424062686 -0.271230360669
 -4.51825774005 -3.27646027552 -1.96071640545 -0.813699000994 -0.167326939225 0.458148626511 0.949308626707 0.801339498986 0.120307468842
 -4.18408976507 -2.93201182782 -1.70768972939 -0.683839642302 -0.00198010546403 0.534852427260 0.824917137338 0.666087758365 0.271551125979
 -3.78435410527 -2.44302007819 -1.31869712108 -0.519475394822 -0.0417489494255 0.395462930706 0.763423515185 0.683225238500 0.377077201639
 -3.56293219895 -2.12854015133 -0.763421680927 -0.00954437296500 0.211260635663 0.341470805108 0.489926513959 0.493372262925 0.394597867818
 -3.39586172314 -2.03877629153 -0.782347377705 0.0911008357399 0.483920202638 0.468481578324 0.361232309492 0.294518882367 0.251555183865
 -3.23479601127 -1.95027546108 -0.875031571874 -0.0629831172909 0.557033601055 0.679155049542 0.391300642591 0.165549129935 0.0824524776684
 -3.06990796611 -1.75985280888 -0.775438820779 -0.00645907437244 0.596746740422 0.712193757167 0.357894066054 0.0792257602712 -0.0408018233940
 -2.94042340744 -1.62461447579 -0.447971652524 0.202352427481 0.524156422042 0.588804022195 0.381265715965 0.0514478547930 -0.128776571078
 -2.77965070357 -1.35822562503 -0.179176495069 0.224533558114 0.528549512536 0.583653930171 0.297337162762 -0.0469543061355 -0.218554354417
 -2.61716093927 -0.987145815721 0.457526730812 0.449214661607 0.330058243459 0.286671890515 0.0790353255120 -0.160500243465 -0.287531444279
 -2.44531033920 -0.727354089588 0.442114846233 0.481295467372 0.441089327563 0.235712155059 -0.0447506911512 -0.251831703462 -0.353636147033
 -2.33022751017 -0.661075286803 0.475495918790 0.698052133265 0.403446196697 0.0868161163105 -0.189343502791 -0.356418494454 -0.427048136172
 -2.24017627416 -0.696258545057 0.484844632532 0.835058561466 0.396651452049 -0.0167021529590 -0.293777008908 -0.441965378109 -0.497986621750
 -2.36625231018 -0.831462794297 0.628754771936 0.871455252444 0.346075393294 -0.0725973831559 -0.353901330664 -0.513196513277 -0.577878016888
 -2.31659539190 -0.816554925093 0.671978080868 0.797497324705 0.397187895902 -0.0263241697324 -0.353685843272 -0.541582454038 -0.624035807038
 -2.10934011838 -0.589327349042 0.783507393193 0.720597192220 0.308388212640 -0.0644934239014 -0.368424509359 -0.562088969254 -0.656676107561
 -1.76037799273 -0.287613374240 0.573453787607 0.773387509283 0.378516171536 -0.0687398643313 -0.389316747424 -0.582647702448 -0.679509660184
 -1.63446382011 -0.265027084229 0.846572366123 0.729078512761 0.184438102412 -0.200918649650 -0.477552946844 -0.656251503257 -0.747953822056
 -1.38181242709 -0.148336564574 0.826248239175 0.715299214713 0.218084143306 -0.231233374018 -0.537903469623 -0.718396231429 -0.801944617175
 -1.30054502202 -0.0130418050031 0.886145978983 0.712968782614 0.141925579789 -0.318161011627 -0.632204179823 -0.805756401313 -0.875564205753
 -1.24065212376 -0.0849969061583 0.713434160948 0.935039341673 0.248408093493 -0.408830319814 -0.756573011669 -0.908516767438 -0.954034672459
 -1.16149099102 0.180744086436 0.927174343328 0.759145195051 0.0663595244118 -0.512738520911 -0.852878653629 -0.991959663382 -1.02008095451
 -1.30273119517 -0.0203927691639 0.907393132887 0.973413179898 0.00624826150284 -0.610079274179 -0.935568446479 -1.06729195565 -1.08559015362
 -1.44434063858 -0.0821625760454 0.936532517406 0.951101787489 0.0697871303570 -0.567028018044 -0.928552971486 -1.08252108421 -1.10883860439
 -1.39723603352 0.153295671561 0.756323114268 0.861736775527 0.226337541349 -0.362707010866 -0.825534302557 -1.03021098208 -1.06527742982
 -1.39080894566 -0.144535069065 0.608769252092 0.968364437597 0.311600993002 -0.231351327072 -0.704353215672 -0.939122738897 -0.995790984736
 -1.23199758176 0.237318554982 0.476775891391 0.779892374487 0.321721392973 -0.169211462328 -0.577925926876 -0.806197384544 -0.874929461193
 -1.10169509166 0.436745127609 0.645162810169 0.514701622202 0.129367799642 -0.207007288976 -0.492752131239 -0.677142443733 -0.754038508748
 -1.19479647157 0.0488498528953 0.530313511202 0.818030549611 0.154512456839 -0.241850461690 -0.446293166577 -0.572740696136 -0.643523114054
 -1.07690573317 0.470658788400 0.568944628262 0.333908140490 0.0431577130953 -0.161496072448 -0.310990068574 -0.421927214973 -0.491004411854
 -0.982294167326 0.512793138329 0.210936249081 0.216006947337 0.137390808309 -0.00220595195313 -0.146946326246 -0.268370192894 -0.347266023480
 -1.15125778785 -0.462139342192 -0.0422461222842 0.520694560198 0.427661367804 0.206917974814 0.00995171027011 -0.147176459173 -0.254498558081
 -1.29945241133 -0.674359249854 -0.134523390306 0.302109391564 0.350953293165 0.372339788405 0.221903797140 0.0111388417354 -0.151061046068
 -0.921891529829 -0.281730862475 -0.0298470785539 0.415490822524 0.275264341405 0.145870918183 0.0484993231603 -0.0481456119550 -0.121677410518
 0.153111509132 0.502274259005 -0.247508550706 -0.207907633060 -0.0899435018954 -0.0628082896168 -0.0740848914254 -0.0928375680979 -0.109810832388
# log_selcoffs_fsh[2]:
 -6.47931320650 -5.02898745847 -3.57320652434 -1.96000499740 -0.576290814735 0.328602384078 0.987989020690 1.13425865620 0.516069208061 -0.911633917234
 -6.39347621594 -4.95094246368 -3.45780328388 -2.04257984611 -0.872836640288 0.190072185664 0.978999978357 1.16886837816 0.530333753699 -0.472702568705
 -6.27093702850 -4.88805352573 -3.48918892249 -2.13164797719 -1.01518310393 0.0448605744709 0.923405423977 1.15319563783 0.618341952933 -0.115199789043
 -6.10521665967 -4.75371496581 -3.46444152084 -2.22384739597 -1.14418380045 -0.179378988844 0.766255269847 1.14473312697 0.769068042460 0.218607641004
 -5.93859376023 -4.51945805216 -3.24297145135 -2.20527316503 -1.31334970980 -0.392730000829 0.591162566316 1.08201481339 0.890976574556 0.529956358134
 -5.78160626284 -4.44015656095 -3.14372106824 -1.95884274453 -1.13702671694 -0.519665338161 0.276326463753 0.895803285156 1.00931189671 0.864658274131
 -5.64042359567 -4.37190984603 -3.16264688108 -2.07620162570 -1.14610359452 -0.401146354987 0.170619184549 0.672335759049 0.982460346942 1.10287360051
 -5.52812158746 -4.30351298838 -3.15488676725 -2.14758215368 -1.27504945450 -0.565074712957 0.107887813920 0.589121752217 0.956418261043 1.24030715581
 -5.45402545845 -4.22195216898 -3.06438972592 -2.10873767967 -1.35319265045 -0.673796070398 0.0210983017268 0.610666062873 0.957708496019 1.27427146568
 -5.36840038744 -4.10205313282 -2.91861381798 -1.92108457840 -1.15155205808 -0.582617537428 -0.109860403315 0.478333027296 0.949444802801 1.33766760600
 -5.31400825103 -3.94436324587 -2.63584796765 -1.55478047517 -0.846080045193 -0.331106054740 0.0578289291477 0.372090392291 0.798557724255 1.33840748419
 -5.32972628359 -3.82870649284 -2.41506266201 -1.22871426441 -0.620903193500 -0.197618391002 0.117347992599 0.436988633595 0.854260026981 1.16660126501
 -5.35561649654 -3.68204949684 -2.07359072700 -0.799369112323 -0.259356688352 0.0916729338331 0.265356180183 0.443907550393 0.725430219428 0.955090491866
 -5.37702276600 -3.49834194385 -1.70488666907 -0.522517817088 0.103628724396 0.289893476997 0.337322012854 0.418980277972 0.576536113739 0.714603175322
 -5.35503777417 -3.28696724560 -1.32864716159 -0.0684322517778 0.359950939180 0.341865714771 0.228972591799 0.270374901179 0.445780652322 0.581608860992
 -5.29338180778 -3.08511668645 -1.02506712643 0.0889783809747 0.336905849760 0.298096477905 0.198859019812 0.230574354436 0.403863568438 0.572441498442
 -5.25076568569 -3.01978468862 -0.917002886625 0.0568352510886 0.316491092703 0.302182326577 0.194993847761 0.210083786381 0.392980676586 0.605496427940
 -5.22087795299 -3.19044744901 -1.27513350009 0.00446313318364 0.401431203817 0.373615918854 0.208689231177 0.193254234927 0.379499308942 0.596543220443
 -5.18056334943 -3.32246164816 -1.56644022056 -0.251496438686 0.453455613969 0.448484513431 0.230999100419 0.197344633655 0.391204165981 0.628836557575
 -5.10311870884 -3.36127950523 -1.69173573421 -0.415689074078 0.242659888091 0.377821603206 0.237511951650 0.236084481804 0.489940821718 0.795170114156
 -5.06156797097 -3.43160592823 -1.89406107361 -0.625565913162 0.133651915330 0.385272387610 0.285998611312 0.243674727640 0.510538648968 0.871165076759
 -5.05825946729 -3.50978125172 -2.05504930256 -0.892115097641 -0.0513730870789 0.416837550406 0.392855353090 0.314073789990 0.536675606948 0.874751214596
 -5.07430874615 -3.57529530595 -2.21682802754 -1.09813958673 -0.264591335713 0.410099168190 0.449723441755 0.394770681812 0.586535511329 0.875107791065
 -5.14053110671 -3.63462548213 -2.25238440371 -1.12658217902 -0.410152383726 0.187073876528 0.505589145411 0.500600342690 0.673120155999 0.875960676009
 -5.21231544898 -3.67806386078 -2.19680626815 -0.913255548703 -0.266742881080 0.00292978927448 0.316632069773 0.535455898914 0.715870480240 0.940558013755
 -5.31507572402 -3.73717999516 -2.28360251146 -1.02859382617 -0.256355295090 0.238276286480 0.344288409267 0.457708440954 0.673125272537 0.923115943214
 -5.51343095647 -3.90334537232 -2.31126565319 -0.952680381851 -0.171191500946 0.388275031616 0.505283399944 0.470316724243 0.580919575076 0.755285352700
 -5.69608535514 -4.05432850101 -2.35492982709 -0.707713662911 0.0450558386768 0.507072251394 0.515682871809 0.398592651089 0.537326781185 0.592874186629
 -5.87066676424 -4.21662287660 -2.56150443500 -1.01134963952 -0.0941100297824 0.756691874719 0.725249243942 0.406584559879 0.443178519125 0.318847295985
 -6.01832405415 -4.32841936407 -2.64922858429 -1.03398839726 0.241021145217 0.862053020952 0.788804014463 0.394860363965 0.171287297554 0.0447339556613
 -6.09415773529 -4.33923189230 -2.53258294952 -0.782325789769 0.347114163965 0.830100891966 0.720029810391 0.370881557178 0.153930472438 0.0671526859505
 -6.10761614103 -4.28192870289 -2.41410888869 -0.700939115535 0.353534790675 0.624420533649 0.643273710505 0.433766468714 0.304596858378 0.266432519147
 -6.09138335481 -4.19173719516 -2.21373997569 -0.559159566314 0.0242020382829 0.343741447553 0.580310416045 0.605405153808 0.503301115293 0.466350642133
 -6.09924019677 -4.21301931894 -2.35427610612 -0.810193130783 -0.0403218418159 0.407471229145 0.621605894931 0.642376794498 0.525472724567 0.422361128000
 -6.07221568606 -4.20257043901 -2.33528372280 -0.878806698173 -0.219369405225 0.257963006033 0.625712356932 0.715867613750 0.605099713778 0.486360743399
 -6.03494404154 -4.22934639160 -2.50849844380 -0.955222899643 -0.110187929689 0.254517480353 0.560956060211 0.704562305107 0.640821673405 0.505657243573
 -6.02378999382 -4.22599113720 -2.51421181916 -1.05240532965 -0.122815127934 0.351653617112 0.608554780424 0.689227526941 0.596375583985 0.471019083863
# log_selcoffs_fsh[3]:
 -2.34598752792 0.289183807090 1.46955832533 0.0651754286904 -2.07621614879 -3.86151283614 -4.85242633708
 -2.30421570311 0.889423241296 1.23299643939 -0.102533640556 -2.25819546599 -3.90949782587 -4.85316686865
# log_selcoffs_fsh[4]:
 -5.91742120603 -4.78579086901 -3.63016768254 -2.41250313285 -1.14010329581 0.0595486354684 0.929478211064 1.12786047767 0.625664102303
 -5.90473758506 -4.76565751121 -3.59553713037 -2.32691631354 -1.00658927904 0.154597285604 0.937505566974 1.06525510539 0.629077935832
 -5.86976206027 -4.72751715746 -3.56121834943 -2.32410061384 -1.02752771283 0.136562271237 0.922339450438 1.07008287631 0.655988646918
 -5.80356058511 -4.65026063132 -3.49333386829 -2.30355724796 -1.06394291622 0.0716957706148 0.880094070576 1.08349328448 0.728316590448
 -5.73206065359 -4.55184938944 -3.38212206129 -2.22530361991 -1.03133190624 0.0790786472130 0.844130147227 1.05671808902 0.789599173671
 -5.65812315246 -4.49291595827 -3.31145740066 -2.12951315934 -1.01760112262 0.0111529534620 0.798236426347 1.07046341884 0.841109363068
 -5.56175703321 -4.41804971133 -3.24680308074 -2.04008138267 -0.937091017277 0.0296881861854 0.769579996557 1.03252630970 0.886356834626
 -5.43214994665 -4.28965633588 -3.16872616538 -2.00698189475 -0.897426094932 0.0125636681336 0.724167232062 1.02746138349 0.927519084597
 -5.29721481700 -4.10955782284 -3.02941520499 -2.01495869212 -0.984209313941 -0.0186691165232 0.715044358118 1.01793502264 0.966953243564
 -5.16811842272 -3.97446075880 -2.84017912991 -1.81575850499 -0.916045790608 -0.0630163390086 0.632821600097 0.996500391116 1.03803322939
 -5.06633822418 -3.85627410997 -2.70917721659 -1.67588522047 -0.765163144570 -0.00243499473737 0.588650292208 0.934480529557 1.06765195128
 -4.99268202954 -3.73703663512 -2.56564745767 -1.54824899667 -0.663017309703 0.0754512778953 0.582680624574 0.888439969666 1.05224280399
 -4.93116180449 -3.58763781408 -2.34519047481 -1.35106474790 -0.590157690505 0.0746576251425 0.582374733396 0.866614890453 1.03298535362
 -4.86715037589 -3.39860265202 -1.97820090239 -0.970877091467 -0.390163647438 0.0600801246262 0.459012579293 0.814019351075 1.05203648492
 -4.80047145840 -3.25378913872 -1.73756539000 -0.633638093785 -0.134415493802 0.0920636288818 0.350967546199 0.717327830436 1.03193363340
 -4.71784154419 -3.13324739468 -1.53286203030 -0.385614588396 -0.0446255797191 0.0739015063009 0.290100024258 0.656055347145 1.01332575617
 -4.65892816762 -3.10839533986 -1.55911953539 -0.399336494470 -0.0353545312312 0.132798458682 0.331982899989 0.640220804369 0.980899141469
 -4.61311946307 -3.20130106085 -1.90912801139 -0.923366464058 -0.237609184806 0.317956002920 0.569759346796 0.689225677956 0.908718211839
 -4.53137916141 -3.24105592189 -2.08019083692 -1.18180533386 -0.465628546826 0.170168281275 0.584373726939 0.821023380160 0.970227329536
 -4.47357570060 -3.25826253463 -2.17398118612 -1.32897650695 -0.678848649146 -0.0325388620132 0.566357411148 0.931699575038 1.02812642793
 -4.41452037355 -3.20687988822 -2.12668744468 -1.36915554480 -0.792808339902 -0.219354826423 0.433671309034 0.987895029585 1.12809594396
 -4.34679093249 -3.10381053676 -1.86052600793 -1.22157697914 -0.802392101880 -0.244745541404 0.327421316677 0.854364914822 1.25942403885
 -4.31142007919 -3.17531551911 -2.12708649529 -1.34135114476 -0.784544594220 -0.170093983035 0.351322967407 0.823288106117 1.27124581911
 -4.23311590800 -3.15238011930 -2.15494409327 -1.36042597534 -0.777706751825 -0.243299018353 0.277902530240 0.809179837650 1.32451560219
 -4.22699464656 -3.15538230800 -2.07389447577 -1.12294707892 -0.503393806766 0.0127203138984 0.413007350589 0.801791702744 1.14218293679
 -4.05142556731 -2.96178769569 -1.76749785754 -0.967457732727 -0.484000905695 -0.0302185042151 0.389701268092 0.785833427029 1.13871327467
 -3.79256201180 -2.79947132209 -1.78225707145 -0.999651242527 -0.496489499785 -0.0486151196309 0.401627389869 0.825920203391 1.11215582472
 -3.36592268182 -2.48645120972 -1.63668911029 -1.00217067564 -0.555055080696 -0.164122504113 0.262461066305 0.764069493167 1.23859444673
 -2.78530714754 -2.03079883467 -1.44797030457 -0.984727051066 -0.730223847410 -0.442787517484 0.0642185499018 0.734636283396 1.36695285570
 -2.96584058701 -2.18096228408 -1.32189503352 -0.786084447748 -0.632698285146 -0.523924273312 -0.0808456658025 0.682915394914 1.40804843244
 -2.97296271539 -2.15645200329 -1.38554114032 -0.876164837805 -0.657319386533 -0.465675661105 -0.00484712773734 0.727247307865 1.37524803005
# log_sel_spl_fsh[1]:
 0.00000000000 0.00000000000 0.00000000000 0.00000000000
 0.00000000000 0.00000000000 0.00000000000 0.00000000000
 0.00000000000 0.00000000000 0.00000000000 0.00000000000
 0.00000000000 0.00000000000 0.00000000000 0.00000000000
 0.00000000000 0.00000000000 0.00000000000 0.00000000000
 0.00000000000 0.00000000000 0.00000000000 0.00000000000
 0.00000000000 0.00000000000 0.00000000000 0.00000000000
 0.00000000000 0.00000000000 0.00000000000 0.00000000000
 0.00000000000 0.00000000000 0.00000000000 0.00000000000
 0.00000000000 0.00000000000 0.00000000000 0.00000000000
 0.00000000000 0.00000000000 0.00000000000 0.00000000000
 0.00000000000 0.00000000000 0.00000000000 0.00000000000
 0.00000000000 0.00000000000 0.00000000000 0.00000000000
 0.00000000000 0.00000000000 0.00000000000 0.00000000000
 0.00000000000 0.00000000000 0.00000000000 0.00000000000
 0.00000000000 0.00000000000 0.00000000000 0.00000000000
 0.00000000000 0.00000000000 0.00000000000 0.00000000000
 0.00000000000 0.00000000000 0.00000000000 0.00000000000
 0.00000000000 0.00000000000 0.00000000000 0.00000000000
 0.00000000000 0.00000000000 0.00000000000 0.00000000000
 0.00000000000 0.00000000000 0.00000000000 0.00000000000
 0.00000000000 0.00000000000 0.00000000000 0.00000000000
 0.00000000000 0.00000000000 0.00000000000 0.00000000000
 0.00000000000 0.00000000000 0.00000000000 0.00000000000
 0.00000000000 0.00000000000 0.00000000000 0.00000000000
 0.00000000000 0.00000000000 0.00000000000 0.00000000000
 0.00000000000 0.00000000000 0.00000000000 0.00000000000
 0.00000000000 0.00000000000 0.00000000000 0.00000000000
 0.00000000000 0.00000000000 0.00000000000 0.00000000000
 0.00000000000 0.00000000000 0.00000000000 0.00000000000
 0.00000000000 0.00000000000 0.00000000000 0.00000000000
 0.00000000000 0.00000000000 0.00000000000 0.00000000000
 0.00000000000 0.00000000000 0.00000000000 0.00000000000
 0.00000000000 0.00000000000 0.00000000000 0.00000000000
 0.00000000000 0.00000000000 0.00000000000 0.00000000000
 0.00000000000 0.00000000000 0.00000000000 0.00000000000
# log_sel_spl_fsh[2]:
 0.00000000000 0.00000000000 0.00000000000 0.00000000000
 0.00000000000 0.00000000000 0.00000000000 0.00000000000
 0.00000000000 0.00000000000 0.00000000000 0.00000000000
 0.00000000000 0.00000000000 0.00000000000 0.00000000000
 0.00000000000 0.00000000000 0.00000000000 0.00000000000
 0.00000000000 0.00000000000 0.00000000000 0.00000000000
 0.00000000000 0.00000000000 0.00000000000 0.00000000000
 0.00000000000 0.00000000000 0.00000000000 0.00000000000
 0.00000000000 0.00000000000 0.00000000000 0.00000000000
 0.00000000000 0.00000000000 0.00000000000 0.00000000000
 0.00000000000 0.00000000000 0.00000000000 0.00000000000
 0.00000000000 0.00000000000 0.00000000000 0.00000000000
 0.00000000000 0.00000000000 0.00000000000 0.00000000000
 0.00000000000 0.00000000000 0.00000000000 0.00000000000
 0.00000000000 0.00000000000 0.00000000000 0.00000000000
 0.00000000000 0.00000000000 0.00000000000 0.00000000000
 0.00000000000 0.00000000000 0.00000000000 0.00000000000
 0.00000000000 0.00000000000 0.00000000000 0.00000000000
 0.00000000000 0.00000000000 0.00000000000 0.00000000000
 0.00000000000 0.00000000000 0.00000000000 0.00000000000
 0.00000000000 0.00000000000 0.00000000000 0.00000000000
 0.00000000000 0.00000000000 0.00000000000 0.00000000000
 0.00000000000 0.00000000000 0.00000000000 0.00000000000
 0.00000000000 0.00000000000 0.00000000000 0.00000000000
 0.00000000000 0.00000000000 0.00000000000 0.00000000000
 0.00000000000 0.00000000000 0.00000000000 0.00000000000
 0.00000000000 0.00000000000 0.00000000000 0.00000000000
 0.00000000000 0.00000000000 0.00000000000 0.00000000000
 0.00000000000 0.00000000000 0.00000000000 0.00000000000
 0.00000000000 0.00000000000 0.00000000000 0.00000000000
 0.00000000000 0.00000000000 0.00000000000 0.00000000000
 0.00000000000 0.00000000000 0.00000000000 0.00000000000
 0.00000000000 0.00000000000 0.00000000000 0.00000000000
 0.00000000000 0.00000000000 0.00000000000 0.00000000000
 0.00000000000 0.00000000000 0.00000000000 0.00000000000
 0.00000000000 0.00000000000 0.00000000000 0.00000000000
 0.00000000000 0.00000000000 0.00000000000 0.00000000000
# log_sel_spl_fsh[3]:
 0.00000000000 0.00000000000 0.00000000000 0.00000000000
 0.00000000000 0.00000000000 0.00000000000 0.00000000000
# log_sel_spl_fsh[4]:
 0.00000000000 0.00000000000 0.00000000000 0.00000000000
 0.00000000000 0.00000000000 0.00000000000 0.00000000000
 0.00000000000 0.00000000000 0.00000000000 0.00000000000
 0.00000000000 0.00000000000 0.00000000000 0.00000000000
 0.00000000000 0.00000000000 0.00000000000 0.00000000000
 0.00000000000 0.00000000000 0.00000000000 0.00000000000
 0.00000000000 0.00000000000 0.00000000000 0.00000000000
 0.00000000000 0.00000000000 0.00000000000 0.00000000000
 0.00000000000 0.00000000000 0.00000000000 0.00000000000
 0.00000000000 0.00000000000 0.00000000000 0.00000000000
 0.00000000000 0.00000000000 0.00000000000 0.00000000000
 0.00000000000 0.00000000000 0.00000000000 0.00000000000
 0.00000000000 0.00000000000 0.00000000000 0.00000000000
 0.00000000000 0.00000000000 0.00000000000 0.00000000000
 0.00000000000 0.00000000000 0.00000000000 0.00000000000
 0.00000000000 0.00000000000 0.00000000000 0.00000000000
 0.00000000000 0.00000000000 0.00000000000 0.00000000000
 0.00000000000 0.00000000000 0.00000000000 0.00000000000
 0.00000000000 0.00000000000 0.00000000000 0.00000000000
 0.00000000000 0.00000000000 0.00000000000 0.00000000000
 0.00000000000 0.00000000000 0.00000000000 0.00000000000
 0.00000000000 0.00000000000 0.00000000000 0.00000000000
 0.00000000000 0.00000000000 0.00000000000 0.00000000000
 0.00000000000 0.00000000000 0.00000000000 0.00000000000
 0.00000000000 0.00000000000 0.00000000000 0.00000000000
 0.00000000000 0.00000000000 0.00000000000 0.00000000000
 0.00000000000 0.00000000000 0.00000000000 0.00000000000
 0.00000000000 0.00000000000 0.00000000000 0.00000000000
 0.00000000000 0.00000000000 0.00000000000 0.00000000000
 0.00000000000 0.00000000000 0.00000000000 0.00000000000
 0.00000000000 0.00000000000 0.00000000000 0.00000000000
# logsel_slope_fsh[1]:
 0.00000000000 0.00000000000 0.00000000000 0.00000000000 0.00000000000 0.00000000000 0.00000000000 0.00000000000 0.00000000000 0.00000000000 0.00000000000 0.00000000000 0.00000000000 0.00000000000 0.00000000000 0.00000000000 0.00000000000 0.00000000000 0.00000000000 0.00000000000 0.00000000000 0.00000000000 0.00000000000 0.00000000000 0.00000000000 0.00000000000 0.00000000000 0.00000000000 0.00000000000 0.00000000000 0.00000000000 0.00000000000 0.00000000000 0.00000000000 0.00000000000 0.00000000000
# logsel_slope_fsh[2]:
 0.00000000000 0.00000000000 0.00000000000 0.00000000000 0.00000000000 0.00000000000 0.00000000000 0.00000000000 0.00000000000 0.00000000000 0.00000000000 0.00000000000 0.00000000000 0.00000000000 0.00000000000 0.00000000000 0.00000000000 0.00000000000 0.00000000000 0.00000000000 0.00000000000 0.00000000000 0.00000000000 0.00000000000 0.00000000000 0.00000000000 0.00000000000 0.00000000000 0.00000000000 0.00000000000 0.00000000000 0.00000000000 0.00000000000 0.00000000000 0.00000000000 0.00000000000 0.00000000000
# logsel_slope_fsh[3]:
 0.00000000000 0.00000000000
# logsel_slope_fsh[4]:
 0.00000000000 0.00000000000 0.00000000000 0.00000000000 0.00000000000 0.00000000000 0.00000000000 0.00000000000 0.00000000000 0.00000000000 0.00000000000 0.00000000000 0.00000000000 0.00000000000 0.00000000000 0.00000000000 0.00000000000 0.00000000000 0.00000000000 0.00000000000 0.00000000000 0.00000000000 0.00000000000 0.00000000000 0.00000000000 0.00000000000 0.00000000000 0.00000000000 0.00000000000 0.00000000000 0.00000000000
# sel50_fsh[1]:
 0.00000000000 0.00000000000 0.00000000000 0.00000000000 0.00000000000 0.00000000000 0.00000000000 0.00000000000 0.00000000000 0.00000000000 0.00000000000 0.00000000000 0.00000000000 0.00000000000 0.00000000000 0.00000000000 0.00000000000 0.00000000000 0.00000000000 0.00000000000 0.00000000000 0.00000000000 0.00000000000 0.00000000000 0.00000000000 0.00000000000 0.00000000000 0.00000000000 0.00000000000 0.00000000000 0.00000000000 0.00000000000 0.00000000000 0.00000000000 0.00000000000 0.00000000000
# sel50_fsh[2]:
 0.00000000000 0.00000000000 0.00000000000 0.00000000000 0.00000000000 0.00000000000 0.00000000000 0.00000000000 0.00000000000 0.00000000000 0.00000000000 0.00000000000 0.00000000000 0.00000000000 0.00000000000 0.00000000000 0.00000000000 0.00000000000 0.00000000000 0.00000000000 0.00000000000 0.00000000000 0.00000000000 0.00000000000 0.00000000000 0.00000000000 0.00000000000 0.00000000000 0.00000000000 0.00000000000 0.00000000000 0.00000000000 0.00000000000 0.00000000000 0.00000000000 0.00000000000 0.00000000000
# sel50_fsh[3]:
 0.00000000000 0.00000000000
# sel50_fsh[4]:
 0.00000000000 0.00000000000 0.00000000000 0.00000000000 0.00000000000 0.00000000000 0.00000000000 0.00000000000 0.00000000000 0.00000000000 0.00000000000 0.00000000000 0.00000000000 0.00000000000 0.00000000000 0.00000000000 0.00000000000 0.00000000000 0.00000000000 0.00000000000 0.00000000000 0.00000000000 0.00000000000 0.00000000000 0.00000000000 0.00000000000 0.00000000000 0.00000000000 0.00000000000 0.00000000000 0.00000000000
# logsel_p1_fsh[1]:
 0.00000000000 0.00000000000 0.00000000000 0.00000000000 0.00000000000 0.00000000000 0.00000000000 0.00000000000 0.00000000000 0.00000000000 0.00000000000 0.00000000000 0.00000000000 0.00000000000 0.00000000000 0.00000000000 0.00000000000 0.00000000000 0.00000000000 0.00000000000 0.00000000000 0.00000000000 0.00000000000 0.00000000000 0.00000000000 0.00000000000 0.00000000000 0.00000000000 0.00000000000 0.00000000000 0.00000000000 0.00000000000 0.00000000000 0.00000000000 0.00000000000 0.00000000000
# logsel_p1_fsh[2]:
 0.00000000000 0.00000000000 0.00000000000 0.00000000000 0.00000000000 0.00000000000 0.00000000000 0.00000000000 0.00000000000 0.00000000000 0.00000000000 0.00000000000 0.00000000000 0.00000000000 0.00000000000 0.00000000000 0.00000000000 0.00000000000 0.00000000000 0.00000000000 0.00000000000 0.00000000000 0.00000000000 0.00000000000 0.00000000000 0.00000000000 0.00000000000 0.00000000000 0.00000000000 0.00000000000 0.00000000000 0.00000000000 0.00000000000 0.00000000000 0.00000000000 0.00000000000 0.00000000000
# logsel_p1_fsh[3]:
 0.00000000000 0.00000000000
# logsel_p1_fsh[4]:
 0.00000000000 0.00000000000 0.00000000000 0.00000000000 0.00000000000 0.00000000000 0.00000000000 0.00000000000 0.00000000000 0.00000000000 0.00000000000 0.00000000000 0.00000000000 0.00000000000 0.00000000000 0.00000000000 0.00000000000 0.00000000000 0.00000000000 0.00000000000 0.00000000000 0.00000000000 0.00000000000 0.00000000000 0.00000000000 0.00000000000 0.00000000000 0.00000000000 0.00000000000 0.00000000000 0.00000000000
# sel_p2_fsh[1]:
 0.00000000000 0.00000000000 0.00000000000 0.00000000000 0.00000000000 0.00000000000 0.00000000000 0.00000000000 0.00000000000 0.00000000000 0.00000000000 0.00000000000 0.00000000000 0.00000000000 0.00000000000 0.00000000000 0.00000000000 0.00000000000 0.00000000000 0.00000000000 0.00000000000 0.00000000000 0.00000000000 0.00000000000 0.00000000000 0.00000000000 0.00000000000 0.00000000000 0.00000000000 0.00000000000 0.00000000000 0.00000000000 0.00000000000 0.00000000000 0.00000000000 0.00000000000
# sel_p2_fsh[2]:
 0.00000000000 0.00000000000 0.00000000000 0.00000000000 0.00000000000 0.00000000000 0.00000000000 0.00000000000 0.00000000000 0.00000000000 0.00000000000 0.00000000000 0.00000000000 0.00000000000 0.00000000000 0.00000000000 0.00000000000 0.00000000000 0.00000000000 0.00000000000 0.00000000000 0.00000000000 0.00000000000 0.00000000000 0.00000000000 0.00000000000 0.00000000000 0.00000000000 0.00000000000 0.00000000000 0.00000000000 0.00000000000 0.00000000000 0.00000000000 0.00000000000 0.00000000000 0.00000000000
# sel_p2_fsh[3]:
 0.00000000000 0.00000000000
# sel_p2_fsh[4]:
 0.00000000000 0.00000000000 0.00000000000 0.00000000000 0.00000000000 0.00000000000 0.00000000000 0.00000000000 0.00000000000 0.00000000000 0.00000000000 0.00000000000 0.00000000000 0.00000000000 0.00000000000 0.00000000000 0.00000000000 0.00000000000 0.00000000000 0.00000000000 0.00000000000 0.00000000000 0.00000000000 0.00000000000 0.00000000000 0.00000000000 0.00000000000 0.00000000000 0.00000000000 0.00000000000 0.00000000000
# logsel_p3_fsh[1]:
 0.00000000000 0.00000000000 0.00000000000 0.00000000000 0.00000000000 0.00000000000 0.00000000000 0.00000000000 0.00000000000 0.00000000000 0.00000000000 0.00000000000 0.00000000000 0.00000000000 0.00000000000 0.00000000000 0.00000000000 0.00000000000 0.00000000000 0.00000000000 0.00000000000 0.00000000000 0.00000000000 0.00000000000 0.00000000000 0.00000000000 0.00000000000 0.00000000000 0.00000000000 0.00000000000 0.00000000000 0.00000000000 0.00000000000 0.00000000000 0.00000000000 0.00000000000
# logsel_p3_fsh[2]:
 0.00000000000 0.00000000000 0.00000000000 0.00000000000 0.00000000000 0.00000000000 0.00000000000 0.00000000000 0.00000000000 0.00000000000 0.00000000000 0.00000000000 0.00000000000 0.00000000000 0.00000000000 0.00000000000 0.00000000000 0.00000000000 0.00000000000 0.00000000000 0.00000000000 0.00000000000 0.00000000000 0.00000000000 0.00000000000 0.00000000000 0.00000000000 0.00000000000 0.00000000000 0.00000000000 0.00000000000 0.00000000000 0.00000000000 0.00000000000 0.00000000000 0.00000000000 0.00000000000
# logsel_p3_fsh[3]:
 0.00000000000 0.00000000000
# logsel_p3_fsh[4]:
 0.00000000000 0.00000000000 0.00000000000 0.00000000000 0.00000000000 0.00000000000 0.00000000000 0.00000000000 0.00000000000 0.00000000000 0.00000000000 0.00000000000 0.00000000000 0.00000000000 0.00000000000 0.00000000000 0.00000000000 0.00000000000 0.00000000000 0.00000000000 0.00000000000 0.00000000000 0.00000000000 0.00000000000 0.00000000000 0.00000000000 0.00000000000 0.00000000000 0.00000000000 0.00000000000 0.00000000000
# rec_dev_future:
 0.00000000000
 0.00000000000
# log_q_ind[1]:
-0.0667481135285
# log_q_ind[2]:
-3.07774376280
# log_q_ind[3]:
-9.54989018406
# log_q_ind[4]:
-0.794195463336
# log_q_ind[5]:
-4.05004511721
# log_q_ind[6]:
-6.39508423063
# log_q_ind[7]:
-8.22025334151
# log_q_ind[8]:
-1.04608610477
# log_q_power_ind[1]:
0.00000000000
# log_q_power_ind[2]:
0.00000000000
# log_q_power_ind[3]:
0.00000000000
# log_q_power_ind[4]:
0.00000000000
# log_q_power_ind[5]:
0.00000000000
# log_q_power_ind[6]:
0.00000000000
# log_q_power_ind[7]:
0.00000000000
# log_q_power_ind[8]:
0.00000000000
# log_rw_q_ind[1]:
 -1.21747403466
# log_rw_q_ind[3]:
 -0.292328455330
# log_selcoffs_ind[1]:
 -3.22934246753 -2.10954866794 -1.03847401982 -0.205790908498 0.259370349560 0.453811316267 0.455186484632 0.387238794351 0.330473278580 0.307270921602
 -3.19656073775 -2.25757393302 -1.34313978065 -0.507215906152 0.142140756929 0.493715363452 0.565755504406 0.476378637530 0.371333529221 0.321714703340
# log_selcoffs_ind[2]:
 -0.584260831918 -0.0801920021203 0.229346589189 0.320641493171 0.178065987710 0.00348728391263 -0.0887708204630 -0.0921679736412 -0.0732097517739 -0.0737077969579
 -0.0938321027387 0.0890410569855 0.179322257437 0.242248541518 0.202969556329 0.0673649414125 -0.0942729653343 -0.214834546224 -0.272382683169 -0.283784520738
 0.273772277974 0.227766647114 0.236661602191 0.231529178534 0.128978972045 -0.0455501228947 -0.218943608798 -0.351370245958 -0.421911520175 -0.437367836799
# log_selcoffs_ind[3]:
 -0.202940821038 0.0202027052767 0.0202027052767 0.0202027052767 0.0202027052767 0.0202027052767 0.0202027052767 0.0202027052767 0.0202027052767 0.0202027052767
# log_selcoffs_ind[4]:
 -2.40688980936 -1.41430503329 -0.569414214841 -0.0568038937536 0.121354194948 0.204106028466 0.276156092163 0.348397196031 0.407983039018 0.446025465374
 -3.02740195758 -2.17081216212 -1.33502662605 -0.624322333949 -0.111995168414 0.236714422635 0.459999157344 0.572880892267 0.579158077727 0.551349668724
# log_selcoffs_ind[5]:
 -3.04452005677 -0.669616569639 0.101782682789 0.174353368097 0.174353368097 0.174353368097 0.174353368097 0.174353368097 0.174353368097 0.174353368097
# log_selcoffs_ind[6]:
 -3.04452005677 -0.669616569639 0.101782682789 0.174353368097 0.174353368097 0.174353368097 0.174353368097 0.174353368097 0.174353368097 0.174353368097
# log_selcoffs_ind[7]:
 -3.04452005677 -0.669616569639 0.101782682789 0.174353368097 0.174353368097 0.174353368097 0.174353368097 0.174353368097 0.174353368097 0.174353368097
# log_selcoffs_ind[8]:
 -3.04452005677 -0.669616569639 0.101782682789 0.174353368097 0.174353368097 0.174353368097 0.174353368097 0.174353368097 0.174353368097 0.174353368097
# logsel_slope_ind[1]:
 0.00000000000 0.00000000000
# logsel_slope_ind[2]:
 0.00000000000 0.00000000000 0.00000000000
# logsel_slope_ind[3]:
 0.00000000000
# logsel_slope_ind[4]:
 0.00000000000 0.00000000000
# logsel_slope_ind[5]:
 0.00000000000
# logsel_slope_ind[6]:
 0.00000000000
# logsel_slope_ind[7]:
 0.00000000000
# logsel_slope_ind[8]:
 0.00000000000
# sel50_ind[1]:
 0.00000000000 0.00000000000
# sel50_ind[2]:
 0.00000000000 0.00000000000 0.00000000000
# sel50_ind[3]:
 0.00000000000
# sel50_ind[4]:
 0.00000000000 0.00000000000
# sel50_ind[5]:
 0.00000000000
# sel50_ind[6]:
 0.00000000000
# sel50_ind[7]:
 0.00000000000
# sel50_ind[8]:
 0.00000000000
# logsel_p1_ind[1]:
 0.00000000000 0.00000000000
# logsel_p1_ind[2]:
 0.00000000000 0.00000000000 0.00000000000
# logsel_p1_ind[3]:
 0.00000000000
# logsel_p1_ind[4]:
 0.00000000000 0.00000000000
# logsel_p1_ind[5]:
 0.00000000000
# logsel_p1_ind[6]:
 0.00000000000
# logsel_p1_ind[7]:
 0.00000000000
# logsel_p1_ind[8]:
 0.00000000000
# sel_p2_ind[1]:
 0.00000000000 0.00000000000
# sel_p2_ind[2]:
 0.00000000000 0.00000000000 0.00000000000
# sel_p2_ind[3]:
 0.00000000000
# sel_p2_ind[4]:
 0.00000000000 0.00000000000
# sel_p2_ind[5]:
 0.00000000000
# sel_p2_ind[6]:
 0.00000000000
# sel_p2_ind[7]:
 0.00000000000
# sel_p2_ind[8]:
 0.00000000000
# logsel_p3_ind[1]:
 0.00000000000 0.00000000000
# logsel_p3_ind[2]:
 0.00000000000 0.00000000000 0.00000000000
# logsel_p3_ind[3]:
 0.00000000000
# logsel_p3_ind[4]:
 0.00000000000 0.00000000000
# logsel_p3_ind[5]:
 0.00000000000
# logsel_p3_ind[6]:
 0.00000000000
# logsel_p3_ind[7]:
 0.00000000000
# logsel_p3_ind[8]:
 0.00000000000
