# Number of parameters = 1607 Objective function value = 1402.04053521211  Maximum gradient component = 0.0370140998964592
# Mest[1]:
0.230000000000
# log_Linf[1]:
4.30945594184
# log_k[1]:
-1.83258146375
# log_Lo[1]:
2.89037175790
# log_sdage[1]:
-2.40794560865
# mean_log_rec[1]:
9.60308596960
# steepness[1]:
0.650000000000
# log_Rzero[1]:
9.24646783865
# rec_dev:
 -0.444910510580 -0.518498520542 -0.598467923358 -0.685638401374 -0.777628628479 -0.870624510000 -0.839750225217 -0.845651782422 -0.694967434799 -0.637347095948 -0.553364576754 -0.386823862008 -0.420861466413 -0.372032225389 -0.324845904083 -0.123250976193 0.216770916933 0.389176441738 0.356177791603 0.394943657170 0.398125298261 0.439458523945 0.636243183775 0.787409574570 0.591703348447 1.07718887148 1.26670753543 0.671108042995 0.605707173685 0.781374954504 0.640694429474 0.724307089745 0.357153182048 0.388005871313 0.0395027268776 -0.0249761971603 0.244979434161 0.350366275854 0.652600303603 0.600896288349 0.767491003813 0.798930914688 0.386739992263 0.00381344299640 -0.569597443530 -0.546744072981 -0.799390682792 -0.772754969070 -1.15320580660 -1.25936586498 -0.663709887630 -0.429041020488 -1.04438583508 -0.514722172145 -0.772090473040 -0.492360795725 -0.555532902716 -0.0557016868771 0.830504856274 -0.00799776846371 0.308944383479
# log_sigmar[1]:
-0.510825623766
# fmort:
 0.0105797136405 0.0155727780792 0.00707736407176 0.00897945685729 0.0173850469910 0.0215089224243 0.0261964134053 0.0227509289701 0.0448290624916 0.0375532584472 0.0257509769906 0.0379147891789 0.0730854946468 0.0282414583097 0.0658126499552 0.0443102572532 0.00437038649235 0.0207100754486 0.0175173162495 0.0157959114065 0.0142686095899 0.0172963098574 0.0175814077946 0.0205482723860 0.0141179409526 0.0194218925508 0.0352863979558 0.0144364134215 0.00416435478525 0.00655216154845 0.00993117369377 0.0197344324783 0.00840057021806 0.0117149909307 0.0128087694541 0.0203282480504 0.0251065249975 0.0347252193158 0.0477754575899 0.0486940483034 0.0684345905578 0.0109702898524 0.00418925207181 0.00514701384921 0.00562899709333 0.00675632507564 0.00521983275399 0.00735135462962 0.00219449868341 0.00186283714447
 0.00134085384998 0.00205823605386 0.00314613849425 0.00522266776884 0.00376520129090 0.00682403453525 0.00886195585635 0.0130246094375 0.0211772859282 0.0263541554627 0.0240875868377 0.0483457264242 0.0669916593887 0.0543931849790 0.0724244307361 0.101947694736 0.114051291567 0.153043628289 0.210683471637 0.221281711984 0.225379131874 0.292339171514 0.395748885300 0.379135035088 0.479856507191 0.592029333217 0.541895467910 0.569153257666 0.352932931404 0.237124340736 0.177733921240 0.204909742456 0.198666788500 0.181824368114 0.178161954765 0.179145790307 0.191678047435 0.233579468396 0.200165348881 0.260384049467 0.142840599226 0.101154688331 0.0958053218233 0.0732320420846 0.0642902246761 0.0651034078341 0.0710077936904 0.0666199306823 0.0737540551723 0.0655979925270
 0.000203513699421 0.000378949230306 0.000839463809233 0.00179714881325 0.00541169769151 0.00157330909646 0.00187035277123 0.0161986575775 0.0106427708907 0.00858231015968 0.0105054872892 0.0105355502762 0.00340179592012 0.00252425637013 0.00345560322928 0.00189289060286 0.000735956773416 0.000674162322229 0.00378146249110 0.00490671290803 0.00584425271397 0.00349966367556 0.00189565572897 0.00285308522225 0.00535493451390 0.0182903066893 0.0206792378589 0.0285916306120 0.0162655397905 0.00648597398740 0.00813715887454 0.0219189466271 0.00397843030801 0.00719155665562 0.00698973048238 0.00374287324133 0.0157761185441 0.0184138020382 0.0142716674478 0.00787434663972 0.00260589713977 0.0270640932148 0.0118658487390 0.00511049374076 0.00449294930552 0.00157603196440 0.000956840599225 0.000466887250252 0.00178198148296 0.00280788134586
 1.90958360236e-13 2.01227923213e-13 0.000519844801485 2.17603712827e-13 2.20379270388e-13 2.25375273999e-13 3.30022301237e-06 0.000224989032256 0.00471449106001 0.0292878163971 0.0261903744698 0.0333242230424 0.0753043765493 0.0883262634966 0.116412333891 0.0938902715222 0.0889173757234 0.0920617671269 0.0946284738700 0.0805095920435 0.0681185985342 0.0431987896215 0.00369466430005 2.17048601314e-13 2.18436380095e-13 2.88102874890e-13 3.36397576461e-13 5.10425035571e-13 6.07291994470e-13 3.05707288595e-06 0.000612561356673 0.00443883142478 0.0136918557283 0.0262353336123 0.0457251408353 0.0381465157035 0.0570517310715 0.0864585354671 0.107736392199 0.141653395018 0.126739790652 0.0323246033499 0.0211258520860 0.0209071370748 0.0221783205879 0.0280196647180 0.0167250943964 0.0124543450242 0.00857717952337 0.00787313192531
# log_selcoffs_fsh[1]:
 -4.85103274913 -3.69636554996 -2.44271065127 -1.20473187170 -0.261602109251 0.522325808725 1.09109227563 0.880338008956 -0.306976300644
 -4.53340465783 -3.28502721121 -1.96660121113 -0.804167959525 -0.151909796847 0.470664647801 0.954017515500 0.792800436923 0.0940426440639
 -4.19978831239 -2.92158759674 -1.69779523834 -0.690130568566 0.00177395779068 0.544857980136 0.829852355162 0.660567703974 0.255839593082
 -3.82187172460 -2.43078735747 -1.28008944791 -0.508976465411 -0.0631751262581 0.394647682064 0.769429894539 0.683479044977 0.370935898757
 -3.62942680390 -2.15955194982 -0.740837681305 0.0261072840405 0.211970231606 0.323912934134 0.485231597738 0.491664171705 0.389811432262
 -3.47343641264 -2.12642822668 -0.834796663880 0.107505031603 0.511954348597 0.472745145794 0.353409579236 0.286914011930 0.241457061287
 -3.29281651750 -2.06186211355 -1.00761450855 -0.129359793125 0.583563108472 0.718858182255 0.405970062189 0.161106569628 0.0693554734796
 -3.09142477468 -1.83166808395 -0.916390254824 -0.153488964870 0.559069873873 0.780831502178 0.423482380469 0.108461310908 -0.0381360341113
 -2.92522537910 -1.62410779135 -0.490030012852 0.0761102792177 0.422662527582 0.620994909421 0.481864554180 0.129785994228 -0.0909126403277
 -2.75213948699 -1.30611979906 -0.129679817929 0.213199558153 0.435372185955 0.540108710072 0.342164145182 0.0296981499128 -0.163148465122
 -2.59100891696 -0.943750065963 0.528473661830 0.476023528930 0.285349198268 0.204662627762 0.0366969143398 -0.149595529400 -0.256034273414
 -2.42602686508 -0.676962173174 0.481514336852 0.530167508895 0.433293142564 0.181212201369 -0.116322763648 -0.288340430304 -0.349526330150
 -2.34884896067 -0.610626693614 0.540801050155 0.713753625234 0.400402880625 0.0405204784274 -0.258164313109 -0.415760838726 -0.451922923382
 -2.30958468795 -0.712290720752 0.542130644022 0.882900699179 0.378181902139 -0.0658343378273 -0.363570090709 -0.507874222779 -0.545192131432
 -2.48281388538 -0.885391150798 0.631195745033 0.934037204889 0.357311581554 -0.111068126033 -0.413016262379 -0.576324688991 -0.632335224990
 -2.46280866328 -0.904135391645 0.668022365266 0.838893380343 0.432439904043 -0.0331029585308 -0.392821723674 -0.592256685765 -0.675203741482
 -2.26169982375 -0.689486865089 0.755148223303 0.764281249424 0.356411703488 -0.0436593592195 -0.380182859796 -0.594810082008 -0.697683606631
 -1.90565348660 -0.382363664540 0.540154643902 0.800136254578 0.430202965383 -0.0344409368092 -0.382141470551 -0.599299105826 -0.710087030528
 -1.75820041168 -0.337143842008 0.828461700013 0.745885439482 0.223679617885 -0.163065511837 -0.457628075499 -0.658164857754 -0.765828231838
 -1.51730519735 -0.205536744226 0.804923282661 0.728712562944 0.255966721751 -0.188214500928 -0.507892053853 -0.710232962948 -0.811676098233
 -1.44916899890 -0.102426828797 0.876391930077 0.732214625008 0.183818131844 -0.271817410612 -0.597695137619 -0.792638388808 -0.881466593643
 -1.41599075171 -0.179564180136 0.673276133774 0.969609223445 0.298639136391 -0.358520179811 -0.720995786176 -0.895240186649 -0.960747700253
 -1.35701247909 0.0549205811081 0.914936119260 0.801689894331 0.138730245199 -0.451179243385 -0.815429106359 -0.980794753139 -1.02990570329
 -1.45035249715 -0.159696982606 0.871934464209 1.02852610523 0.0729268908023 -0.557371813179 -0.910642011625 -1.06923104912 -1.10643861850
 -1.51156191245 -0.148182779302 0.907160255363 0.990811529437 0.113991177670 -0.541597084468 -0.928836087840 -1.10734442589 -1.14427301770
 -1.47171820504 0.185683263772 0.743644393923 0.865579696037 0.240899178224 -0.349180187179 -0.833063244240 -1.06524716756 -1.11036071319
 -1.58179320693 -0.194474054818 0.612484927631 0.962198623315 0.359770997713 -0.182485190658 -0.686616720887 -0.957680518885 -1.03446977551
 -1.47842591143 -0.00180597632750 0.414673438024 0.819029134255 0.460853685404 -0.0447349561778 -0.519320014221 -0.802417155109 -0.899461898617
 -1.17097995342 0.218234912917 0.555173008713 0.608235430403 0.285730388550 -0.0888338343489 -0.436144782687 -0.668232760565 -0.772711073352
 -1.11554164966 0.0438241767874 0.414438651756 0.807351246873 0.247693273646 -0.156190084945 -0.410331517950 -0.578462686952 -0.670745267274
 -0.911742856445 0.548506947452 0.569698941360 0.253618609030 0.0132652847767 -0.157933463877 -0.317890581714 -0.455096812153 -0.541688368945
 -0.864024707057 0.678216304302 0.253668884692 0.177385288101 0.0363826978334 -0.0888077416873 -0.214255825523 -0.337584895182 -0.426738852174
 -1.05076238500 -0.343855272458 0.0983763362217 0.573615598389 0.403481009510 0.117476438945 -0.0783614815208 -0.223678236534 -0.332173278377
 -1.28359165041 -0.593266347537 -0.0404850509393 0.422791080959 0.379305423809 0.331718505054 0.124915629507 -0.0891534685224 -0.246523021196
 -1.00984405853 -0.270119345567 0.0261141521462 0.497375497805 0.356853753781 0.148270385441 -0.0197750493520 -0.162298079882 -0.245495232508
 0.303618602740 0.412907920214 -0.331761594520 -0.141389467505 0.0150474665400 -0.00806433885130 -0.0938192527010 -0.179332029752 -0.229630485897
# log_selcoffs_fsh[2]:
 -6.50122761931 -5.04166425986 -3.57463814372 -1.94588639117 -0.557663455786 0.344189331226 0.998058639304 1.13075979225 0.495622693238 -0.953943282508
 -6.41410442806 -4.95789656471 -3.45643102246 -2.02671051228 -0.849849600535 0.206204117477 0.983515258302 1.17166484236 0.513107629836 -0.511049226974
 -6.29549586217 -4.88564716645 -3.47693452054 -2.12519368973 -0.996779104028 0.0687476235532 0.937457133552 1.15147332421 0.600975909341 -0.151020643018
 -6.14441551211 -4.75073753933 -3.43272212603 -2.20199032465 -1.14585045542 -0.159859586718 0.789952026925 1.14904617402 0.749323912118 0.184044042477
 -5.99488346976 -4.53651675984 -3.21200266775 -2.15394746819 -1.28707782095 -0.392023441608 0.606699571906 1.09321768845 0.879880646430 0.500710560918
 -5.84965017608 -4.49001441027 -3.15098756172 -1.90849321769 -1.07733642166 -0.486769396755 0.287351134937 0.906485874899 1.00327928808 0.834631491897
 -5.71174294763 -4.44842125279 -3.22529387104 -2.07735968275 -1.07677240288 -0.324962348400 0.216629975801 0.688634747672 0.972134724157 1.05788814016
 -5.59983664714 -4.38339842912 -3.24690506945 -2.21392977985 -1.25307193223 -0.460348402798 0.209371554645 0.633714178687 0.940772294005 1.17542041281
 -5.52601663159 -4.29095073263 -3.13777318769 -2.18917123081 -1.39408199645 -0.622511339111 0.139948045641 0.693146819625 0.954561071134 1.19226594601
 -5.43475723682 -4.14869225739 -2.95203571539 -1.95932671313 -1.21173763313 -0.619185918609 -0.0586369507600 0.582869305715 0.980790640292 1.26689711071
 -5.35737540179 -3.96221070089 -2.62283920325 -1.53792185241 -0.871653052865 -0.431615765524 -0.0182635696146 0.405781694526 0.880353688115 1.31560203883
 -5.34038868884 -3.81044945754 -2.36928454221 -1.17330435456 -0.611264363810 -0.252124253797 0.00331417200474 0.369111007155 0.878534629330 1.22178150679
 -5.35265546065 -3.65068297073 -2.02108562041 -0.733107850191 -0.246883412141 0.0390055020561 0.163613403198 0.335747449269 0.714994750798 1.06967679934
 -5.38016213194 -3.48637400918 -1.67621709600 -0.478667306978 0.110847559805 0.240715376478 0.233966584481 0.326686624114 0.572082202395 0.853047011739
 -5.38230362033 -3.30715079374 -1.36223007676 -0.0909787302317 0.347333997236 0.311755813043 0.166896806594 0.222815021978 0.466635478081 0.684461610388
 -5.34914883460 -3.12619046046 -1.04897377769 0.0736592775521 0.330492264590 0.285067303995 0.171561077844 0.214320210203 0.419800019708 0.618040183089
 -5.33168941077 -3.07124627794 -0.932761366285 0.0733847010283 0.349126164251 0.323490984092 0.190186513611 0.194629803015 0.378919461926 0.584658075896
 -5.32088997134 -3.23992966526 -1.26057153544 0.0645541624481 0.475828868833 0.422746248848 0.215470026619 0.166497146127 0.323887468521 0.510532627557
 -5.28357064214 -3.36143652152 -1.53528081028 -0.175594517906 0.539996290956 0.505616199330 0.253165563875 0.173262576631 0.319552157106 0.517658498004
 -5.21388134454 -3.40509894561 -1.67036190762 -0.342298297470 0.329260595178 0.457104266358 0.290352850837 0.243031927968 0.428154820119 0.666379580291
 -5.17557536171 -3.49070527344 -1.89438027724 -0.572285263742 0.208100767306 0.466936216110 0.358868503518 0.277615586109 0.465066677721 0.731875948870
 -5.17137768955 -3.57247252197 -2.07622194932 -0.872397141283 0.00937736597057 0.492757689111 0.470320489839 0.362133442395 0.503611427565 0.734795697307
 -5.18365676283 -3.63663968517 -2.23268628086 -1.08040820219 -0.228257042618 0.476501863483 0.522849319806 0.446607225388 0.564600383818 0.744995523448
 -5.24643843154 -3.68424269865 -2.24657015152 -1.08853035447 -0.352246416806 0.235664942708 0.571216689971 0.545720927704 0.652563230196 0.761534210350
 -5.31390189052 -3.71093807479 -2.14775610287 -0.815788711677 -0.202113872040 0.0635797246624 0.352930528438 0.572280382929 0.699229677063 0.842085191572
 -5.41230111869 -3.75672435579 -2.23287853192 -0.913880514788 -0.158235871769 0.282218728482 0.370848206981 0.474087522792 0.652753990933 0.836356502970
 -5.60804721189 -3.91959883272 -2.24735022223 -0.844040659591 -0.0469204504417 0.435950233904 0.504896653264 0.466046132118 0.545259729922 0.675333372590
 -5.77816540769 -4.08946101566 -2.30035949968 -0.574574043883 0.133404128512 0.498483766319 0.486493773203 0.400348127494 0.527191179632 0.539378513679
 -5.91476426696 -4.26444610474 -2.56869131508 -0.894732444918 0.0617201351289 0.745942499019 0.615817839644 0.395987077304 0.486556458651 0.309006332244
 -6.02705916057 -4.34843177692 -2.70593233231 -1.07522787726 0.257597106095 0.865776205820 0.770489422955 0.404527559984 0.189506742068 0.0371931160711
 -6.07253324223 -4.30611051863 -2.53640901105 -0.911261415857 0.221310901447 0.834784507763 0.773644657317 0.418171075910 0.177757574132 0.0673265197640
 -6.06796592873 -4.18649694357 -2.31213176271 -0.686189953230 0.126065852396 0.470155564480 0.708324564251 0.578150452347 0.392223549879 0.301400910815
 -6.05023512668 -4.06740631406 -2.01964379050 -0.434006383439 0.0122654494645 0.0964195228445 0.437990923992 0.684213958452 0.630151806065 0.516796968512
 -6.06271409807 -4.08862236410 -2.15698989282 -0.571932323884 0.0638643638697 0.375711064891 0.455665520118 0.573146217438 0.575173567428 0.500974078349
 -6.06191677672 -4.10752705148 -2.16025678045 -0.675653538203 0.00607238251607 0.338475073430 0.577885925550 0.566648901321 0.536626666684 0.526714089741
 -6.04929419290 -4.18916297660 -2.37793454979 -0.761164329284 0.0668500077048 0.454484585230 0.569494234408 0.589594644487 0.475275280735 0.469399644932
 -6.04342637026 -4.18285155691 -2.40169278155 -0.879580738704 0.0589929718476 0.495166503908 0.620614472830 0.587665133681 0.469938057995 0.415787725371
# log_selcoffs_fsh[3]:
 -0.917576626517 -0.101157056955 1.17355702096 0.428038233386 -0.681615722527 -1.41751125124 -1.70987149062
 -1.15700811295 -0.123289393582 1.19851541774 0.439786023221 -0.675207796288 -1.41194833248 -1.70770438016
 -0.590194353366 -0.165320686489 1.10876302216 0.453294853750 -0.611453319141 -1.34549095572 -1.65501194754
 -1.48274100745 -0.286915568768 1.23947109867 0.439581621622 -0.600435901903 -1.30787168598 -1.62151669971
 -1.87891020334 -0.204926150851 1.18037116003 0.493533156605 -0.472670594491 -1.19879285735 -1.54193491778
 -1.96775417485 -0.498884437800 0.974438198571 0.798800419024 -0.226287017290 -1.06112793405 -1.44004730212
 -1.68375930841 -0.426746325543 0.759270487569 0.931194366072 -0.135672784157 -1.00797267367 -1.38887866003
 -1.32156792405 0.565660247492 0.828997046499 0.335430490166 -0.372059898275 -1.05847616479 -1.39911983789
 -1.39026807594 0.637731284063 0.895324581781 0.220155714038 -0.484646867093 -1.12717981166 -1.49367000900
 -1.59003526044 0.313393869899 0.996713394527 0.478482800511 -0.482920169052 -1.22906868265 -1.63224440501
 -1.85171208585 -0.381371710609 0.900296341473 0.900643061883 -0.257124894438 -1.22944913534 -1.75524324835
 -1.81401052192 -0.341217607248 0.825191309011 0.935488040463 -0.177662937432 -1.22606150000 -1.80392254229
 -1.65991445787 -0.106183836298 1.01741019018 0.708678525311 -0.379604442547 -1.31835225313 -1.82293798844
 -1.42189028513 0.587142242377 0.995561961872 0.277648306321 -0.645476324577 -1.40590607644 -1.80741348690
 -1.47186346835 0.226240826380 1.17991080613 0.325994323152 -0.743904795519 -1.46652449799 -1.76519732800
 -1.47895803209 0.259489704850 1.25028161897 0.176134731109 -0.919814393219 -1.54543156155 -1.71413759512
 -1.27423445052 0.579857144799 1.11892939780 0.0777701172606 -0.977931092532 -1.51497111468 -1.62851895586
 -1.18879667547 0.632780914269 1.08736702484 0.00769949392863 -0.936492855390 -1.44057117082 -1.56256356827
 -0.699797106911 1.08135456529 0.645532737188 -0.210376234795 -0.960413505127 -1.40981066514 -1.55857012044
 -0.535566299406 1.19912064393 0.510810640346 -0.406081571575 -1.08582037661 -1.47691525847 -1.61646085113
 -0.324503790436 1.16284423400 0.572319559111 -0.470748201754 -1.20941614683 -1.59385703229 -1.71660665099
 -0.393100739063 1.14087560588 0.677978912602 -0.501945623048 -1.31695668865 -1.69388825752 -1.78061466158
 -0.216124301721 0.857648649429 0.981469212041 -0.532511255919 -1.42672599450 -1.76054555646 -1.77663181754
 -0.149533092643 1.07576051698 0.719458419254 -0.530326704532 -1.41633319163 -1.79944565482 -1.85187927792
 -0.337321728090 0.571721028086 1.09529718081 -0.0956278687185 -1.20221313063 -1.76467412981 -1.93542022675
 -0.0846193993204 0.704144271287 0.637321832972 0.293570562766 -0.727669859903 -1.56796883343 -2.00318584371
 -0.881264105975 0.760460041564 0.862398632214 0.164115038558 -0.620588836015 -1.44178056925 -2.07815273184
 -1.39532986449 0.268218325261 1.14996665323 0.371306676299 -0.680093949211 -1.53286725803 -2.16791617651
 -1.54198292107 0.0216091568816 1.24720543661 0.424795704181 -0.754497866320 -1.70965780921 -2.27162403802
 -1.48000313067 0.232433957800 0.822342954175 0.886617030167 -0.612102370765 -1.77476968319 -2.34099055848
 -1.42076812541 1.04376071688 0.752928673625 0.134448545143 -0.904603651312 -1.85439696402 -2.40539267461
 -1.64015550881 0.581475702080 1.21094503370 0.0767623862062 -1.03060078226 -1.95006844520 -2.50254370725
 -1.88095173641 -0.0929012516578 1.39301523100 0.289862953902 -1.01421486581 -2.01609092279 -2.56146880052
 -1.78153259182 -0.0439524034121 1.09092630131 0.813115088231 -0.837224964643 -2.01633185143 -2.56895343322
 -1.60617453499 0.115984513151 1.34051763497 0.268002685486 -1.06959649594 -2.05724662032 -2.56338017024
 -1.16539779841 1.10519996610 0.844448341792 -0.169987225598 -1.21992360142 -2.08195643142 -2.55021499423
 -1.07007932633 1.02193577306 0.959944510910 -0.226239978480 -1.31374646551 -2.10385624473 -2.54368774122
 -0.830448158405 1.04556146288 0.879187450598 -0.195695996233 -1.25597319648 -2.08548424504 -2.53955493767
 -0.887792944592 0.972536863913 0.897403801385 -0.0342485467306 -1.14878399726 -2.05076703349 -2.54368369129
 -1.12628431347 0.388744177420 1.21553985260 0.239037256546 -1.05362665868 -2.03193723543 -2.54154110005
# log_selcoffs_fsh[4]:
 -5.96624058159 -4.81196324040 -3.63289438164 -2.39507235341 -1.11174142221 0.0868559725264 0.944943105382 1.12142415768 0.593373378023
 -5.95372435231 -4.79217138938 -3.60006870379 -2.31100618563 -0.979025960334 0.181558466063 0.952925418404 1.05789122242 0.595693643001
 -5.91855472461 -4.75306503253 -3.56541324422 -2.31054344347 -1.00165327459 0.162287039199 0.937392963751 1.06380631914 0.624348489936
 -5.85289778125 -4.67518453023 -3.49570206109 -2.28883168378 -1.04117827932 0.0954130836999 0.894883834598 1.07926785601 0.699807193840
 -5.78235661346 -4.57775983401 -3.38475261047 -2.20971749060 -1.00836961320 0.100617204836 0.859683594778 1.05339521613 0.762007738472
 -5.71002549345 -4.51845530466 -3.31554641671 -2.11475621072 -0.993535246433 0.0348590400100 0.813589154168 1.06775255533 0.814585794063
 -5.62042097128 -4.44165405408 -3.24784586827 -2.03107772274 -0.916669848431 0.0537823282578 0.785463477922 1.02858082420 0.862437759940
 -5.50726880728 -4.31923577739 -3.16343174085 -1.99180811223 -0.886609327865 0.0310022236501 0.740286323331 1.02576861826 0.906075254507
 -5.39172690473 -4.15955137840 -3.03124912404 -1.98740584535 -0.959773602255 -0.00885433650058 0.727423405062 1.01862409569 0.948269317393
 -5.27907335817 -4.05429357574 -2.87437798166 -1.79666489167 -0.875296181313 -0.0345762152867 0.642705570248 0.994801372241 1.01765286674
 -5.19029421367 -3.96538974969 -2.79015604669 -1.70020064668 -0.729147712770 0.0473770738384 0.615708643427 0.929801252643 1.03517538544
 -5.12990687160 -3.86548824182 -2.68296981408 -1.62696045800 -0.665338436479 0.137230827451 0.638823347115 0.890200821361 0.999595493882
 -5.08182525284 -3.72954414912 -2.47531161962 -1.45989151985 -0.634096787929 0.120096183991 0.669389048837 0.888823050954 0.959373532927
 -5.02584285544 -3.54952455148 -2.11006019624 -1.05230246114 -0.388159176360 0.126778741224 0.549878393751 0.833526867400 0.973199583067
 -4.95109417029 -3.39486800557 -1.85949841799 -0.715306521072 -0.141645050895 0.160588589139 0.434724022622 0.745071784874 0.963680303014
 -4.85720004922 -3.25274860993 -1.63351232543 -0.454824366193 -0.0618379961860 0.124829021908 0.367801423965 0.686004819302 0.963344842639
 -4.79127083972 -3.21660325529 -1.63674053536 -0.456693303296 -0.0493854004422 0.175071056379 0.391976408137 0.664961365410 0.938504498931
 -4.74014088867 -3.29879125942 -1.96955278538 -0.947136326228 -0.231295626071 0.350337937981 0.602989338907 0.696256982589 0.867146842016
 -4.65406052267 -3.32603667032 -2.11652524403 -1.17007050316 -0.432307467527 0.209547624768 0.613567426735 0.823745241873 0.922507132957
 -4.60146883914 -3.33879960689 -2.20373341470 -1.29519339908 -0.616270102395 0.0170077481579 0.615314362230 0.941222605828 0.955430290753
 -4.53700863370 -3.27947152184 -2.14027941518 -1.32284328444 -0.698436099597 -0.142526431186 0.465918685616 1.00082938510 1.06094703623
 -4.44549203817 -3.17780899121 -1.87036567327 -1.16215293553 -0.703831045574 -0.161243424213 0.363229939510 0.847392509327 1.21266104552
 -4.35009128384 -3.23323119394 -2.15314240096 -1.27857964226 -0.670195398293 -0.0957680932514 0.357307084289 0.804151219339 1.24373841367
 -4.21279140696 -3.15166797325 -2.18629265973 -1.35447293656 -0.694217949411 -0.147794680116 0.301563775984 0.777501544694 1.30343583524
 -4.16696998689 -3.09818346515 -2.04489149914 -1.15648687161 -0.524715760047 0.0542981413839 0.463351903470 0.802472215172 1.10771104395
 -3.97941917300 -2.84344475779 -1.65889935752 -0.918997046155 -0.561680745500 -0.0844257725746 0.428526408411 0.830891707333 1.10332228447
 -3.70960417252 -2.64613839179 -1.58105504528 -0.846004235398 -0.441743222382 -0.101783292199 0.346123486896 0.816489884392 1.11430285228
 -3.31506756213 -2.32834854533 -1.40977108173 -0.734062876693 -0.384899562816 -0.115839222372 0.150382056747 0.662555987347 1.24383694766
 -2.82402446779 -1.92507332577 -1.22803607011 -0.721490519018 -0.468695079383 -0.304686384739 0.0518706360480 0.605465911683 1.32637338562
 -3.01307791066 -2.18719977841 -1.16122495252 -0.521463312027 -0.382266074735 -0.312649872428 -0.0246361123167 0.635230417888 1.29607811863
 -3.03105313531 -2.13097439290 -1.23142011973 -0.628137443039 -0.402115910515 -0.271768182852 0.0630524618352 0.681962681793 1.26236773433
# log_sel_spl_fsh[1]:
 0.00000000000 0.00000000000 0.00000000000 0.00000000000
 0.00000000000 0.00000000000 0.00000000000 0.00000000000
 0.00000000000 0.00000000000 0.00000000000 0.00000000000
 0.00000000000 0.00000000000 0.00000000000 0.00000000000
 0.00000000000 0.00000000000 0.00000000000 0.00000000000
 0.00000000000 0.00000000000 0.00000000000 0.00000000000
 0.00000000000 0.00000000000 0.00000000000 0.00000000000
 0.00000000000 0.00000000000 0.00000000000 0.00000000000
 0.00000000000 0.00000000000 0.00000000000 0.00000000000
 0.00000000000 0.00000000000 0.00000000000 0.00000000000
 0.00000000000 0.00000000000 0.00000000000 0.00000000000
 0.00000000000 0.00000000000 0.00000000000 0.00000000000
 0.00000000000 0.00000000000 0.00000000000 0.00000000000
 0.00000000000 0.00000000000 0.00000000000 0.00000000000
 0.00000000000 0.00000000000 0.00000000000 0.00000000000
 0.00000000000 0.00000000000 0.00000000000 0.00000000000
 0.00000000000 0.00000000000 0.00000000000 0.00000000000
 0.00000000000 0.00000000000 0.00000000000 0.00000000000
 0.00000000000 0.00000000000 0.00000000000 0.00000000000
 0.00000000000 0.00000000000 0.00000000000 0.00000000000
 0.00000000000 0.00000000000 0.00000000000 0.00000000000
 0.00000000000 0.00000000000 0.00000000000 0.00000000000
 0.00000000000 0.00000000000 0.00000000000 0.00000000000
 0.00000000000 0.00000000000 0.00000000000 0.00000000000
 0.00000000000 0.00000000000 0.00000000000 0.00000000000
 0.00000000000 0.00000000000 0.00000000000 0.00000000000
 0.00000000000 0.00000000000 0.00000000000 0.00000000000
 0.00000000000 0.00000000000 0.00000000000 0.00000000000
 0.00000000000 0.00000000000 0.00000000000 0.00000000000
 0.00000000000 0.00000000000 0.00000000000 0.00000000000
 0.00000000000 0.00000000000 0.00000000000 0.00000000000
 0.00000000000 0.00000000000 0.00000000000 0.00000000000
 0.00000000000 0.00000000000 0.00000000000 0.00000000000
 0.00000000000 0.00000000000 0.00000000000 0.00000000000
 0.00000000000 0.00000000000 0.00000000000 0.00000000000
 0.00000000000 0.00000000000 0.00000000000 0.00000000000
# log_sel_spl_fsh[2]:
 0.00000000000 0.00000000000 0.00000000000 0.00000000000
 0.00000000000 0.00000000000 0.00000000000 0.00000000000
 0.00000000000 0.00000000000 0.00000000000 0.00000000000
 0.00000000000 0.00000000000 0.00000000000 0.00000000000
 0.00000000000 0.00000000000 0.00000000000 0.00000000000
 0.00000000000 0.00000000000 0.00000000000 0.00000000000
 0.00000000000 0.00000000000 0.00000000000 0.00000000000
 0.00000000000 0.00000000000 0.00000000000 0.00000000000
 0.00000000000 0.00000000000 0.00000000000 0.00000000000
 0.00000000000 0.00000000000 0.00000000000 0.00000000000
 0.00000000000 0.00000000000 0.00000000000 0.00000000000
 0.00000000000 0.00000000000 0.00000000000 0.00000000000
 0.00000000000 0.00000000000 0.00000000000 0.00000000000
 0.00000000000 0.00000000000 0.00000000000 0.00000000000
 0.00000000000 0.00000000000 0.00000000000 0.00000000000
 0.00000000000 0.00000000000 0.00000000000 0.00000000000
 0.00000000000 0.00000000000 0.00000000000 0.00000000000
 0.00000000000 0.00000000000 0.00000000000 0.00000000000
 0.00000000000 0.00000000000 0.00000000000 0.00000000000
 0.00000000000 0.00000000000 0.00000000000 0.00000000000
 0.00000000000 0.00000000000 0.00000000000 0.00000000000
 0.00000000000 0.00000000000 0.00000000000 0.00000000000
 0.00000000000 0.00000000000 0.00000000000 0.00000000000
 0.00000000000 0.00000000000 0.00000000000 0.00000000000
 0.00000000000 0.00000000000 0.00000000000 0.00000000000
 0.00000000000 0.00000000000 0.00000000000 0.00000000000
 0.00000000000 0.00000000000 0.00000000000 0.00000000000
 0.00000000000 0.00000000000 0.00000000000 0.00000000000
 0.00000000000 0.00000000000 0.00000000000 0.00000000000
 0.00000000000 0.00000000000 0.00000000000 0.00000000000
 0.00000000000 0.00000000000 0.00000000000 0.00000000000
 0.00000000000 0.00000000000 0.00000000000 0.00000000000
 0.00000000000 0.00000000000 0.00000000000 0.00000000000
 0.00000000000 0.00000000000 0.00000000000 0.00000000000
 0.00000000000 0.00000000000 0.00000000000 0.00000000000
 0.00000000000 0.00000000000 0.00000000000 0.00000000000
 0.00000000000 0.00000000000 0.00000000000 0.00000000000
# log_sel_spl_fsh[3]:
 0.00000000000 0.00000000000 0.00000000000 0.00000000000
 0.00000000000 0.00000000000 0.00000000000 0.00000000000
 0.00000000000 0.00000000000 0.00000000000 0.00000000000
 0.00000000000 0.00000000000 0.00000000000 0.00000000000
 0.00000000000 0.00000000000 0.00000000000 0.00000000000
 0.00000000000 0.00000000000 0.00000000000 0.00000000000
 0.00000000000 0.00000000000 0.00000000000 0.00000000000
 0.00000000000 0.00000000000 0.00000000000 0.00000000000
 0.00000000000 0.00000000000 0.00000000000 0.00000000000
 0.00000000000 0.00000000000 0.00000000000 0.00000000000
 0.00000000000 0.00000000000 0.00000000000 0.00000000000
 0.00000000000 0.00000000000 0.00000000000 0.00000000000
 0.00000000000 0.00000000000 0.00000000000 0.00000000000
 0.00000000000 0.00000000000 0.00000000000 0.00000000000
 0.00000000000 0.00000000000 0.00000000000 0.00000000000
 0.00000000000 0.00000000000 0.00000000000 0.00000000000
 0.00000000000 0.00000000000 0.00000000000 0.00000000000
 0.00000000000 0.00000000000 0.00000000000 0.00000000000
 0.00000000000 0.00000000000 0.00000000000 0.00000000000
 0.00000000000 0.00000000000 0.00000000000 0.00000000000
 0.00000000000 0.00000000000 0.00000000000 0.00000000000
 0.00000000000 0.00000000000 0.00000000000 0.00000000000
 0.00000000000 0.00000000000 0.00000000000 0.00000000000
 0.00000000000 0.00000000000 0.00000000000 0.00000000000
 0.00000000000 0.00000000000 0.00000000000 0.00000000000
 0.00000000000 0.00000000000 0.00000000000 0.00000000000
 0.00000000000 0.00000000000 0.00000000000 0.00000000000
 0.00000000000 0.00000000000 0.00000000000 0.00000000000
 0.00000000000 0.00000000000 0.00000000000 0.00000000000
 0.00000000000 0.00000000000 0.00000000000 0.00000000000
 0.00000000000 0.00000000000 0.00000000000 0.00000000000
 0.00000000000 0.00000000000 0.00000000000 0.00000000000
 0.00000000000 0.00000000000 0.00000000000 0.00000000000
 0.00000000000 0.00000000000 0.00000000000 0.00000000000
 0.00000000000 0.00000000000 0.00000000000 0.00000000000
 0.00000000000 0.00000000000 0.00000000000 0.00000000000
 0.00000000000 0.00000000000 0.00000000000 0.00000000000
 0.00000000000 0.00000000000 0.00000000000 0.00000000000
 0.00000000000 0.00000000000 0.00000000000 0.00000000000
 0.00000000000 0.00000000000 0.00000000000 0.00000000000
# log_sel_spl_fsh[4]:
 0.00000000000 0.00000000000 0.00000000000 0.00000000000
 0.00000000000 0.00000000000 0.00000000000 0.00000000000
 0.00000000000 0.00000000000 0.00000000000 0.00000000000
 0.00000000000 0.00000000000 0.00000000000 0.00000000000
 0.00000000000 0.00000000000 0.00000000000 0.00000000000
 0.00000000000 0.00000000000 0.00000000000 0.00000000000
 0.00000000000 0.00000000000 0.00000000000 0.00000000000
 0.00000000000 0.00000000000 0.00000000000 0.00000000000
 0.00000000000 0.00000000000 0.00000000000 0.00000000000
 0.00000000000 0.00000000000 0.00000000000 0.00000000000
 0.00000000000 0.00000000000 0.00000000000 0.00000000000
 0.00000000000 0.00000000000 0.00000000000 0.00000000000
 0.00000000000 0.00000000000 0.00000000000 0.00000000000
 0.00000000000 0.00000000000 0.00000000000 0.00000000000
 0.00000000000 0.00000000000 0.00000000000 0.00000000000
 0.00000000000 0.00000000000 0.00000000000 0.00000000000
 0.00000000000 0.00000000000 0.00000000000 0.00000000000
 0.00000000000 0.00000000000 0.00000000000 0.00000000000
 0.00000000000 0.00000000000 0.00000000000 0.00000000000
 0.00000000000 0.00000000000 0.00000000000 0.00000000000
 0.00000000000 0.00000000000 0.00000000000 0.00000000000
 0.00000000000 0.00000000000 0.00000000000 0.00000000000
 0.00000000000 0.00000000000 0.00000000000 0.00000000000
 0.00000000000 0.00000000000 0.00000000000 0.00000000000
 0.00000000000 0.00000000000 0.00000000000 0.00000000000
 0.00000000000 0.00000000000 0.00000000000 0.00000000000
 0.00000000000 0.00000000000 0.00000000000 0.00000000000
 0.00000000000 0.00000000000 0.00000000000 0.00000000000
 0.00000000000 0.00000000000 0.00000000000 0.00000000000
 0.00000000000 0.00000000000 0.00000000000 0.00000000000
 0.00000000000 0.00000000000 0.00000000000 0.00000000000
# logsel_slope_fsh[1]:
 0.00000000000 0.00000000000 0.00000000000 0.00000000000 0.00000000000 0.00000000000 0.00000000000 0.00000000000 0.00000000000 0.00000000000 0.00000000000 0.00000000000 0.00000000000 0.00000000000 0.00000000000 0.00000000000 0.00000000000 0.00000000000 0.00000000000 0.00000000000 0.00000000000 0.00000000000 0.00000000000 0.00000000000 0.00000000000 0.00000000000 0.00000000000 0.00000000000 0.00000000000 0.00000000000 0.00000000000 0.00000000000 0.00000000000 0.00000000000 0.00000000000 0.00000000000
# logsel_slope_fsh[2]:
 0.00000000000 0.00000000000 0.00000000000 0.00000000000 0.00000000000 0.00000000000 0.00000000000 0.00000000000 0.00000000000 0.00000000000 0.00000000000 0.00000000000 0.00000000000 0.00000000000 0.00000000000 0.00000000000 0.00000000000 0.00000000000 0.00000000000 0.00000000000 0.00000000000 0.00000000000 0.00000000000 0.00000000000 0.00000000000 0.00000000000 0.00000000000 0.00000000000 0.00000000000 0.00000000000 0.00000000000 0.00000000000 0.00000000000 0.00000000000 0.00000000000 0.00000000000 0.00000000000
# logsel_slope_fsh[3]:
 0.00000000000 0.00000000000 0.00000000000 0.00000000000 0.00000000000 0.00000000000 0.00000000000 0.00000000000 0.00000000000 0.00000000000 0.00000000000 0.00000000000 0.00000000000 0.00000000000 0.00000000000 0.00000000000 0.00000000000 0.00000000000 0.00000000000 0.00000000000 0.00000000000 0.00000000000 0.00000000000 0.00000000000 0.00000000000 0.00000000000 0.00000000000 0.00000000000 0.00000000000 0.00000000000 0.00000000000 0.00000000000 0.00000000000 0.00000000000 0.00000000000 0.00000000000 0.00000000000 0.00000000000 0.00000000000 0.00000000000
# logsel_slope_fsh[4]:
 0.00000000000 0.00000000000 0.00000000000 0.00000000000 0.00000000000 0.00000000000 0.00000000000 0.00000000000 0.00000000000 0.00000000000 0.00000000000 0.00000000000 0.00000000000 0.00000000000 0.00000000000 0.00000000000 0.00000000000 0.00000000000 0.00000000000 0.00000000000 0.00000000000 0.00000000000 0.00000000000 0.00000000000 0.00000000000 0.00000000000 0.00000000000 0.00000000000 0.00000000000 0.00000000000 0.00000000000
# sel50_fsh[1]:
 0.00000000000 0.00000000000 0.00000000000 0.00000000000 0.00000000000 0.00000000000 0.00000000000 0.00000000000 0.00000000000 0.00000000000 0.00000000000 0.00000000000 0.00000000000 0.00000000000 0.00000000000 0.00000000000 0.00000000000 0.00000000000 0.00000000000 0.00000000000 0.00000000000 0.00000000000 0.00000000000 0.00000000000 0.00000000000 0.00000000000 0.00000000000 0.00000000000 0.00000000000 0.00000000000 0.00000000000 0.00000000000 0.00000000000 0.00000000000 0.00000000000 0.00000000000
# sel50_fsh[2]:
 0.00000000000 0.00000000000 0.00000000000 0.00000000000 0.00000000000 0.00000000000 0.00000000000 0.00000000000 0.00000000000 0.00000000000 0.00000000000 0.00000000000 0.00000000000 0.00000000000 0.00000000000 0.00000000000 0.00000000000 0.00000000000 0.00000000000 0.00000000000 0.00000000000 0.00000000000 0.00000000000 0.00000000000 0.00000000000 0.00000000000 0.00000000000 0.00000000000 0.00000000000 0.00000000000 0.00000000000 0.00000000000 0.00000000000 0.00000000000 0.00000000000 0.00000000000 0.00000000000
# sel50_fsh[3]:
 0.00000000000 0.00000000000 0.00000000000 0.00000000000 0.00000000000 0.00000000000 0.00000000000 0.00000000000 0.00000000000 0.00000000000 0.00000000000 0.00000000000 0.00000000000 0.00000000000 0.00000000000 0.00000000000 0.00000000000 0.00000000000 0.00000000000 0.00000000000 0.00000000000 0.00000000000 0.00000000000 0.00000000000 0.00000000000 0.00000000000 0.00000000000 0.00000000000 0.00000000000 0.00000000000 0.00000000000 0.00000000000 0.00000000000 0.00000000000 0.00000000000 0.00000000000 0.00000000000 0.00000000000 0.00000000000 0.00000000000
# sel50_fsh[4]:
 0.00000000000 0.00000000000 0.00000000000 0.00000000000 0.00000000000 0.00000000000 0.00000000000 0.00000000000 0.00000000000 0.00000000000 0.00000000000 0.00000000000 0.00000000000 0.00000000000 0.00000000000 0.00000000000 0.00000000000 0.00000000000 0.00000000000 0.00000000000 0.00000000000 0.00000000000 0.00000000000 0.00000000000 0.00000000000 0.00000000000 0.00000000000 0.00000000000 0.00000000000 0.00000000000 0.00000000000
# logsel_dslope_fsh[1]:
 0.00000000000 0.00000000000 0.00000000000 0.00000000000 0.00000000000 0.00000000000 0.00000000000 0.00000000000 0.00000000000 0.00000000000 0.00000000000 0.00000000000 0.00000000000 0.00000000000 0.00000000000 0.00000000000 0.00000000000 0.00000000000 0.00000000000 0.00000000000 0.00000000000 0.00000000000 0.00000000000 0.00000000000 0.00000000000 0.00000000000 0.00000000000 0.00000000000 0.00000000000 0.00000000000 0.00000000000 0.00000000000 0.00000000000 0.00000000000 0.00000000000 0.00000000000
# logsel_dslope_fsh[2]:
 0.00000000000 0.00000000000 0.00000000000 0.00000000000 0.00000000000 0.00000000000 0.00000000000 0.00000000000 0.00000000000 0.00000000000 0.00000000000 0.00000000000 0.00000000000 0.00000000000 0.00000000000 0.00000000000 0.00000000000 0.00000000000 0.00000000000 0.00000000000 0.00000000000 0.00000000000 0.00000000000 0.00000000000 0.00000000000 0.00000000000 0.00000000000 0.00000000000 0.00000000000 0.00000000000 0.00000000000 0.00000000000 0.00000000000 0.00000000000 0.00000000000 0.00000000000 0.00000000000
# logsel_dslope_fsh[3]:
 0.00000000000 0.00000000000 0.00000000000 0.00000000000 0.00000000000 0.00000000000 0.00000000000 0.00000000000 0.00000000000 0.00000000000 0.00000000000 0.00000000000 0.00000000000 0.00000000000 0.00000000000 0.00000000000 0.00000000000 0.00000000000 0.00000000000 0.00000000000 0.00000000000 0.00000000000 0.00000000000 0.00000000000 0.00000000000 0.00000000000 0.00000000000 0.00000000000 0.00000000000 0.00000000000 0.00000000000 0.00000000000 0.00000000000 0.00000000000 0.00000000000 0.00000000000 0.00000000000 0.00000000000 0.00000000000 0.00000000000
# logsel_dslope_fsh[4]:
 0.00000000000 0.00000000000 0.00000000000 0.00000000000 0.00000000000 0.00000000000 0.00000000000 0.00000000000 0.00000000000 0.00000000000 0.00000000000 0.00000000000 0.00000000000 0.00000000000 0.00000000000 0.00000000000 0.00000000000 0.00000000000 0.00000000000 0.00000000000 0.00000000000 0.00000000000 0.00000000000 0.00000000000 0.00000000000 0.00000000000 0.00000000000 0.00000000000 0.00000000000 0.00000000000 0.00000000000
# seld50_fsh[1]:
 9.00000000000 9.00000000000 9.00000000000 9.00000000000 9.00000000000 9.00000000000 9.00000000000 9.00000000000 9.00000000000 9.00000000000 9.00000000000 9.00000000000 9.00000000000 9.00000000000 9.00000000000 9.00000000000 9.00000000000 9.00000000000 9.00000000000 9.00000000000 9.00000000000 9.00000000000 9.00000000000 9.00000000000 9.00000000000 9.00000000000 9.00000000000 9.00000000000 9.00000000000 9.00000000000 9.00000000000 9.00000000000 9.00000000000 9.00000000000 9.00000000000 9.00000000000
# seld50_fsh[2]:
 9.00000000000 9.00000000000 9.00000000000 9.00000000000 9.00000000000 9.00000000000 9.00000000000 9.00000000000 9.00000000000 9.00000000000 9.00000000000 9.00000000000 9.00000000000 9.00000000000 9.00000000000 9.00000000000 9.00000000000 9.00000000000 9.00000000000 9.00000000000 9.00000000000 9.00000000000 9.00000000000 9.00000000000 9.00000000000 9.00000000000 9.00000000000 9.00000000000 9.00000000000 9.00000000000 9.00000000000 9.00000000000 9.00000000000 9.00000000000 9.00000000000 9.00000000000 9.00000000000
# seld50_fsh[3]:
 9.00000000000 9.00000000000 9.00000000000 9.00000000000 9.00000000000 9.00000000000 9.00000000000 9.00000000000 9.00000000000 9.00000000000 9.00000000000 9.00000000000 9.00000000000 9.00000000000 9.00000000000 9.00000000000 9.00000000000 9.00000000000 9.00000000000 9.00000000000 9.00000000000 9.00000000000 9.00000000000 9.00000000000 9.00000000000 9.00000000000 9.00000000000 9.00000000000 9.00000000000 9.00000000000 9.00000000000 9.00000000000 9.00000000000 9.00000000000 9.00000000000 9.00000000000 9.00000000000 9.00000000000 9.00000000000 9.00000000000
# seld50_fsh[4]:
 9.00000000000 9.00000000000 9.00000000000 9.00000000000 9.00000000000 9.00000000000 9.00000000000 9.00000000000 9.00000000000 9.00000000000 9.00000000000 9.00000000000 9.00000000000 9.00000000000 9.00000000000 9.00000000000 9.00000000000 9.00000000000 9.00000000000 9.00000000000 9.00000000000 9.00000000000 9.00000000000 9.00000000000 9.00000000000 9.00000000000 9.00000000000 9.00000000000 9.00000000000 9.00000000000 9.00000000000
# rec_dev_future:
 0.00000000000 0.00000000000 0.00000000000 0.00000000000 0.00000000000 0.00000000000 0.00000000000 0.00000000000 0.00000000000 0.00000000000
# log_q_ind[1]:
-0.0973148195003
# log_q_ind[2]:
-3.14474407545
# log_q_ind[3]:
-9.57675059727
# log_q_ind[4]:
-0.744594769767
# log_q_ind[5]:
-6.20092642956
# log_q_ind[6]:
-8.44056660464
# log_q_ind[7]:
-8.31162758425
# log_q_ind[8]:
-1.22232251245
# log_q_power_ind[1]:
0.00000000000
# log_q_power_ind[2]:
0.00000000000
# log_q_power_ind[3]:
0.00000000000
# log_q_power_ind[4]:
0.00000000000
# log_q_power_ind[5]:
0.00000000000
# log_q_power_ind[6]:
0.00000000000
# log_q_power_ind[7]:
0.00000000000
# log_q_power_ind[8]:
0.00000000000
# log_rw_q_ind[1]:
 -1.20370762688
# log_rw_q_ind[3]:
 -0.365197129021
# log_selcoffs_ind[1]:
 -3.23614497174 -2.08163296762 -0.978022461182 -0.127405118460 0.321266552280 0.473670882842 0.435854339810 0.345512842048 0.284530688295 0.267459076204
 -3.17455794301 -2.26508931508 -1.38801110553 -0.587165736354 0.0634465433733 0.471331351348 0.586467828125 0.519204456002 0.406394520151 0.337581649196
# log_selcoffs_ind[2]:
 -0.611724732592 -0.108424419418 0.193535429030 0.266730725223 0.124556196684 -0.0146636629342 -0.0641336076385 -0.0358241186439 0.00531362308520 0.0148995752422
 -0.0500198141509 0.0876465347534 0.131971793938 0.166835890649 0.130720261185 0.0367914848008 -0.0722010507954 -0.150726794029 -0.182169032952 -0.182075830418
 0.280639296081 0.206495487774 0.194142780370 0.173432138470 0.0761488958874 -0.0662931179573 -0.193809325376 -0.282211911452 -0.321910101522 -0.321114171873
# log_selcoffs_ind[3]:
 -0.202940821038 0.0202027052767 0.0202027052767 0.0202027052767 0.0202027052767 0.0202027052767 0.0202027052767 0.0202027052767 0.0202027052767 0.0202027052767
# log_selcoffs_ind[4]:
 -2.62896772329 -1.62468215872 -0.758472760613 -0.210427003154 0.0205707583697 0.162790462825 0.290406152192 0.411026593828 0.504835737633 0.561117680289
 -3.24751296593 -2.36594437036 -1.50384858583 -0.763361421223 -0.207164202552 0.190387615930 0.452428502590 0.608466813352 0.637578812294 0.617702432928
# log_selcoffs_ind[5]:
 -3.04452005677 -0.669616569639 0.101782682789 0.174353368097 0.174353368097 0.174353368097 0.174353368097 0.174353368097 0.174353368097 0.174353368097
# log_selcoffs_ind[6]:
 -3.04452005677 -0.669616569639 0.101782682789 0.174353368097 0.174353368097 0.174353368097 0.174353368097 0.174353368097 0.174353368097 0.174353368097
# log_selcoffs_ind[7]:
 -3.04452005677 -0.669616569639 0.101782682789 0.174353368097 0.174353368097 0.174353368097 0.174353368097 0.174353368097 0.174353368097 0.174353368097
# log_selcoffs_ind[8]:
 -3.04452005677 -0.669616569639 0.101782682789 0.174353368097 0.174353368097 0.174353368097 0.174353368097 0.174353368097 0.174353368097 0.174353368097
# logsel_slope_ind[1]:
 0.00000000000 0.00000000000
# logsel_slope_ind[2]:
 0.00000000000 0.00000000000 0.00000000000
# logsel_slope_ind[3]:
 0.00000000000
# logsel_slope_ind[4]:
 0.00000000000 0.00000000000
# logsel_slope_ind[5]:
 0.00000000000
# logsel_slope_ind[6]:
 0.00000000000
# logsel_slope_ind[7]:
 0.00000000000
# logsel_slope_ind[8]:
 0.00000000000
# sel50_ind[1]:
 0.00000000000 0.00000000000
# sel50_ind[2]:
 0.00000000000 0.00000000000 0.00000000000
# sel50_ind[3]:
 0.00000000000
# sel50_ind[4]:
 0.00000000000 0.00000000000
# sel50_ind[5]:
 0.00000000000
# sel50_ind[6]:
 0.00000000000
# sel50_ind[7]:
 0.00000000000
# sel50_ind[8]:
 0.00000000000
# logsel_dslope_ind[1]:
 0.00000000000 0.00000000000
# logsel_dslope_ind[2]:
 0.00000000000 0.00000000000 0.00000000000
# logsel_dslope_ind[3]:
 0.00000000000
# logsel_dslope_ind[4]:
 0.00000000000 0.00000000000
# logsel_dslope_ind[5]:
 0.00000000000
# logsel_dslope_ind[6]:
 0.00000000000
# logsel_dslope_ind[7]:
 0.00000000000
# logsel_dslope_ind[8]:
 0.00000000000
# seld50_ind[1]:
 9.00000000000 9.00000000000
# seld50_ind[2]:
 9.00000000000 9.00000000000 9.00000000000
# seld50_ind[3]:
 9.00000000000
# seld50_ind[4]:
 9.00000000000 9.00000000000
# seld50_ind[5]:
 9.00000000000
# seld50_ind[6]:
 9.00000000000
# seld50_ind[7]:
 9.00000000000
# seld50_ind[8]:
 9.00000000000
# repl_F:
 0.214804657954
